Std No.	Outgassing	ChemProd	ChemLoss	DryDepo		WetDepo		Escape		Condensation	Net Flux	Global Change
3	0.000000e+00	3.007104e+12	-3.007002e+12	-9.901174e+07	-1.490174e+00	-3.324656e+06	0.000000e+00	-5.096407e-04	-2.349613e-18
53	1.500000e+09	1.075816e+11	-1.090535e+11	-0.000000e+00	0.000000e+00	-2.810084e+07	0.000000e+00	3.380481e-03	1.414606e-22
1	0.000000e+00	1.263906e+14	-1.263906e+14	-2.803825e+06	-7.407865e-01	-0.000000e+00	0.000000e+00	9.693055e-01	1.173375e-18
56	0.000000e+00	1.051731e+14	-1.051731e+14	-0.000000e+00	-9.400486e-18	-0.000000e+00	0.000000e+00	8.859375e+00	3.940169e-08
54	0.000000e+00	1.260847e+14	-1.260847e+14	-0.000000e+00	0.000000e+00	-0.000000e+00	0.000000e+00	9.796875e+00	1.773668e-19
2	0.000000e+00	1.231443e+14	-1.231443e+14	-2.515675e+04	-7.723395e+01	-0.000000e+00	0.000000e+00	-9.925475e+00	-2.935171e-16
4	0.000000e+00	3.425296e+12	-3.425293e+12	-3.287573e+06	-7.694705e+03	-0.000000e+00	0.000000e+00	6.825711e-03	2.867250e-15
5	0.000000e+00	2.800957e+12	-2.800712e+12	-7.602576e+07	-1.684870e+08	-0.000000e+00	0.000000e+00	4.882812e-04	3.647751e-18
7	1.000000e-02	1.809121e+11	-1.898188e+11	-0.000000e+00	0.000000e+00	-0.000000e+00	-6.213678e+26	-6.213678e+26	-1.385049e+04
6	0.000000e+00	6.824916e+10	-6.303398e+10	-6.368109e+08	-4.578371e+09	-0.000000e+00	0.000000e+00	-2.829552e-03	-8.130402e-19
52	1.000000e-01	3.300059e+13	-3.300511e+13	-0.000000e+00	-8.701169e+12	-0.000000e+00	0.000000e+00	-8.705696e+12	-4.217142e-12
20	4.200000e+08	3.219568e+12	-3.219988e+12	-2.810765e+04	0.000000e+00	-0.000000e+00	0.000000e+00	2.489933e-03	2.184076e-23
22	0.000000e+00	2.438267e+10	-2.029308e+10	-1.567270e+08	-3.932862e+09	-0.000000e+00	0.000000e+00	-1.010895e-04	-3.347094e-19
61	0.000000e+00	1.878525e+11	-1.878498e+11	-2.741149e+06	-1.583488e-05	-0.000000e+00	0.000000e+00	3.640006e-06	7.371301e-19
19	0.000000e+00	4.181658e+08	-4.181658e+08	-0.000000e+00	-1.589421e-23	-0.000000e+00	0.000000e+00	-1.788139e-06	-3.050515e-20
58	0.000000e+00	5.274864e+03	-5.274864e+03	-0.000000e+00	-6.674141e-27	-0.000000e+00	0.000000e+00	-5.275069e-11	-1.726617e-13
59	0.000000e+00	2.531844e+05	-2.531844e+05	-0.000000e+00	-1.409314e-18	-0.000000e+00	0.000000e+00	1.164153e-10	1.093704e-12
80	0.000000e+00	5.219135e+05	-5.219135e+05	-0.000000e+00	-2.081044e-16	-0.000000e+00	0.000000e+00	2.875458e-08	3.899780e-15
60	0.000000e+00	1.030246e+09	-1.030246e+09	-0.000000e+00	-1.322360e-08	-0.000000e+00	0.000000e+00	3.444043e-07	6.889707e-17
21	9.000000e+07	6.757612e+08	-7.657612e+08	-0.000000e+00	0.000000e+00	-0.000000e+00	0.000000e+00	-1.108646e-05	-6.352426e-23
62	0.000000e+00	1.400256e+09	-1.400249e+09	-7.370893e+03	-4.258543e-08	-0.000000e+00	0.000000e+00	2.162317e-06	1.624395e-16
24	0.000000e+00	5.566695e+08	-4.664143e+08	-6.404536e+07	-2.620984e+07	-0.000000e+00	0.000000e+00	1.788139e-07	7.240295e-22
63	0.000000e+00	5.643172e+11	-5.634635e+11	-3.516530e+07	-8.185378e+08	-0.000000e+00	0.000000e+00	-2.379417e-04	-3.744844e-18
23	0.000000e+00	1.693062e+05	-9.338507e+04	-2.362067e+03	-7.355910e+04	-0.000000e+00	0.000000e+00	-1.789886e-09	-5.211324e-20
71	0.000000e+00	2.555039e+08	-2.555039e+08	-3.798227e-05	-1.599427e-03	-0.000000e+00	0.000000e+00	-6.936558e-08	-1.358328e-11
25	0.000000e+00	8.536807e+00	-8.503420e+00	-1.142347e-02	-2.196336e-02	-0.000000e+00	0.000000e+00	-1.536445e-13	-4.082885e-19
26	0.000000e+00	1.454700e-30	-1.454700e-30	-0.000000e+00	-2.768595e-49	-0.000000e+00	0.000000e+00	-3.506015e-46	-7.210075e-16
64	0.000000e+00	1.535374e+00	-1.535374e+00	-0.000000e+00	-1.230738e-21	-0.000000e+00	0.000000e+00	5.773158e-15	2.758143e-14
27	0.000000e+00	8.322520e+01	-8.322520e+01	-0.000000e+00	0.000000e+00	-0.000000e+00	0.000000e+00	2.984279e-13	4.037286e-20
28	0.000000e+00	2.540363e+02	-2.540363e+02	-0.000000e+00	-1.550403e-15	-0.000000e+00	0.000000e+00	-2.289241e-13	-3.248816e-17
29	0.000000e+00	2.733475e+06	-2.733475e+06	-0.000000e+00	0.000000e+00	-0.000000e+00	0.000000e+00	-3.259629e-09	-2.234222e-19
30	0.000000e+00	7.130063e+07	-7.130063e+07	-0.000000e+00	-7.875470e-09	-0.000000e+00	0.000000e+00	-3.767779e-08	-7.192761e-18
31	0.000000e+00	6.924131e+07	-6.923743e+07	-3.882941e+03	0.000000e+00	-0.000000e+00	0.000000e+00	-1.152512e-08	-4.013512e-23
32	0.000000e+00	3.116485e+00	-3.116485e+00	-9.784368e-09	-8.595366e-19	-0.000000e+00	0.000000e+00	1.329299e-13	5.153015e-20
33	0.000000e+00	3.725615e+04	-3.536143e+04	-5.402157e+01	-1.840693e+03	-0.000000e+00	0.000000e+00	-2.569323e-11	-5.657370e-21
34	0.000000e+00	1.686838e+07	-1.686837e+07	-1.540578e+00	-2.897792e-11	-0.000000e+00	0.000000e+00	1.201699e-08	1.737340e-17
35	0.000000e+00	2.544760e+07	-2.542166e+07	-2.410388e+04	-1.843034e+03	-0.000000e+00	0.000000e+00	-2.643537e-07	-5.744992e-19
36	0.000000e+00	1.133446e+07	-1.133442e+07	-4.341998e+01	-4.427762e-10	-0.000000e+00	0.000000e+00	-6.635973e-09	-4.505478e-18
40	0.000000e+00	1.424059e+08	-1.424059e+08	-0.000000e+00	-1.168335e-08	-0.000000e+00	0.000000e+00	1.969329e-07	5.376640e-17
41	0.000000e+00	3.876600e+04	-3.876600e+04	-0.000000e+00	-9.915540e-11	-0.000000e+00	0.000000e+00	-4.411254e-10	-1.426420e-17
76	0.000000e+00	1.799561e+01	-1.799561e+01	-0.000000e+00	-1.730190e-16	-0.000000e+00	0.000000e+00	-6.412187e-14	-1.189319e-15
77	0.000000e+00	1.197444e+00	-1.197444e+00	-0.000000e+00	-5.168373e-17	-0.000000e+00	0.000000e+00	-2.938264e-15	-1.824367e-16
42	0.000000e+00	1.928702e+09	-1.928702e+09	-0.000000e+00	-1.459056e-06	-0.000000e+00	0.000000e+00	5.216664e-06	5.967750e-18
43	9.000000e+08	5.448562e+10	-5.481090e+10	-4.863979e+08	-8.832686e+07	-0.000000e+00	0.000000e+00	-1.648635e-03	-1.056430e-17
74	0.000000e+00	5.214747e+10	-5.214747e+10	-0.000000e+00	-3.363924e-16	-0.000000e+00	0.000000e+00	1.617432e-03	6.344959e-06
75	0.000000e+00	4.835457e+09	-4.835457e+09	-0.000000e+00	-2.283808e-15	-0.000000e+00	0.000000e+00	-9.536743e-07	-5.509897e-10
44	0.000000e+00	4.149121e+08	-4.149121e+08	-5.842011e+00	-2.087760e+01	-0.000000e+00	0.000000e+00	-5.971231e-09	-5.113254e-18
45	9.000000e+07	1.326241e+08	-2.224270e+08	-1.969516e+05	-1.238809e+02	-0.000000e+00	0.000000e+00	-5.325887e-07	-2.071494e-19
46	0.000000e+00	3.540370e+08	-3.540370e+08	-0.000000e+00	-1.455365e-07	-0.000000e+00	0.000000e+00	5.101145e-07	1.118153e-17
47	0.000000e+00	2.256749e+08	-2.256749e+08	-0.000000e+00	-5.416068e-08	-0.000000e+00	0.000000e+00	3.524628e-08	2.000662e-18
48	0.000000e+00	1.107635e+09	-1.107635e+09	-0.000000e+00	-1.753999e-07	-0.000000e+00	0.000000e+00	-6.522371e-07	-1.164279e-17
68	0.000000e+00	3.966776e+08	-3.963840e+08	-1.080960e+05	-1.854491e+05	-0.000000e+00	0.000000e+00	6.548362e-08	3.351103e-19
73	0.000000e+00	4.149020e+08	-1.173477e+05	-8.355237e+07	-2.211840e+08	-0.000000e+00	-1.100483e+08	-1.192093e-07	-2.523193e-21
78	0.000000e+00	0.000000e+00	0.000000e+00	-1.100483e+08	-3.463834e-04	-0.000000e+00	1.100483e+08	1.341105e-07	1.764052e-22
79	0.000000e+00	3.253628e-13	0.000000e+00	-0.000000e+00	-3.254505e-13	-0.000000e+00	0.000000e+00	-8.765198e-17	-1.843088e-22
111	0.000000e+00	0.000000e+00	0.000000e+00	-0.000000e+00	0.000000e+00	-0.000000e+00	0.000000e+00	0.000000e+00	-nan
8	0.000000e+00	1.623807e+05	-1.623807e+05	-0.000000e+00	-6.504092e-10	-0.000000e+00	0.000000e+00	7.465746e-10	1.616462e-19
9	0.000000e+00	1.227471e+00	-1.127212e+00	-1.002587e-01	0.000000e+00	-0.000000e+00	0.000000e+00	-6.522560e-15	-9.360526e-20
10	0.000000e+00	2.415142e+02	-2.415140e+02	-0.000000e+00	-2.540910e-04	-0.000000e+00	0.000000e+00	-8.183211e-14	-2.994671e-17
57	0.000000e+00	1.496459e+02	-1.496459e+02	-0.000000e+00	-1.915017e-17	-0.000000e+00	0.000000e+00	2.840256e-14	8.577975e-17
11	0.000000e+00	2.133176e+07	-2.133064e+07	-0.000000e+00	-1.116846e+03	-0.000000e+00	0.000000e+00	-1.506626e-07	-3.282926e-22
12	3.000000e+08	3.681916e+11	-3.684816e+11	-1.000175e+07	-8.334617e+01	-0.000000e+00	0.000000e+00	3.678847e-04	1.035970e-18
13	0.000000e+00	3.552606e+11	-3.552602e+11	-4.015206e+05	-4.529752e+01	-0.000000e+00	0.000000e+00	-2.897267e-04	-4.470201e-18
14	0.000000e+00	1.597384e+10	-1.597381e+10	-2.299373e+03	-3.047015e+04	-0.000000e+00	0.000000e+00	6.270962e-05	3.743535e-16
15	0.000000e+00	1.031592e+07	-1.031502e+07	-8.226685e-01	-9.024928e+02	-0.000000e+00	0.000000e+00	-2.470324e-07	-6.185651e-18
16	0.000000e+00	3.719983e+10	-3.719840e+10	-0.000000e+00	-1.430251e+06	-0.000000e+00	0.000000e+00	-6.300514e-05	-1.880234e-18
17	0.000000e+00	4.329985e+09	-4.302510e+09	-1.581251e+07	-1.166210e+07	-0.000000e+00	0.000000e+00	-2.778694e-05	-2.870171e-18
18	0.000000e+00	1.019519e+09	-7.649316e+08	-1.310595e+08	-1.235281e+08	-0.000000e+00	0.000000e+00	-2.694130e-05	-3.185975e-19
70	0.000000e+00	1.404836e+10	-1.404254e+10	-1.760678e+05	-5.649126e+06	-0.000000e+00	0.000000e+00	-2.198927e-04	-5.531510e-18
37	0.000000e+00	1.493333e+01	-2.181043e-02	-1.182923e+01	-3.082289e+00	-0.000000e+00	0.000000e+00	2.047251e-13	1.864937e-22
38	0.000000e+00	6.763745e-03	-6.763745e-03	-1.225440e-12	-9.069419e-16	-0.000000e+00	0.000000e+00	-3.221972e-18	-6.141994e-16
39	0.000000e+00	1.641800e-02	-1.641800e-02	-0.000000e+00	-9.948839e-20	-0.000000e+00	0.000000e+00	-1.050783e-17	-1.467331e-17
72	0.000000e+00	3.694228e-01	-3.694228e-01	-0.000000e+00	-8.483698e-13	-0.000000e+00	0.000000e+00	1.006318e-15	4.303110e-23
65	0.000000e+00	2.077844e+08	-2.077582e+08	-1.809136e+04	-8.104705e+03	-0.000000e+00	0.000000e+00	-2.840629e-06	-8.528323e-18
66	0.000000e+00	5.129135e+06	-5.110471e+06	-1.810849e+04	-5.556194e+02	-0.000000e+00	0.000000e+00	-1.269523e-07	-3.423355e-19
109	0.000000e+00	2.248270e-02	-2.192520e-02	-0.000000e+00	-5.575026e-04	-0.000000e+00	0.000000e+00	-4.628459e-16	-4.029639e-20
67	0.000000e+00	2.392100e-09	-2.392100e-09	-0.000000e+00	-8.261173e-27	-0.000000e+00	0.000000e+00	4.053291e-25	2.989900e-18
110	0.000000e+00	1.179418e-08	-1.148242e-08	-0.000000e+00	-3.117606e-10	-0.000000e+00	0.000000e+00	-2.367805e-23	-1.961788e-21
106	0.000000e+00	7.668335e-22	-7.668335e-22	-0.000000e+00	-5.001244e-41	-0.000000e+00	0.000000e+00	-2.887019e-35	-2.746111e-18
107	0.000000e+00	1.637155e-09	-1.637155e-09	-0.000000e+00	-5.257700e-25	-0.000000e+00	0.000000e+00	5.613610e-23	1.011918e-20
108	0.000000e+00	1.637154e-09	-1.637154e-09	-0.000000e+00	-1.152075e-25	-0.000000e+00	0.000000e+00	-5.450233e-23	-2.550156e-18
49	0.000000e+00	6.839194e-05	-6.834667e-05	-4.525121e-08	-1.965526e-11	-0.000000e+00	0.000000e+00	-2.556735e-18	-2.083050e-19
50	0.000000e+00	1.790702e-19	-1.790702e-19	-1.942303e-27	-1.228876e-37	-0.000000e+00	0.000000e+00	1.152269e-30	4.455799e-13
51	0.000000e+00	0.000000e+00	0.000000e+00	-0.000000e+00	0.000000e+00	-0.000000e+00	0.000000e+00	0.000000e+00	-nan
69	0.000000e+00	0.000000e+00	0.000000e+00	-0.000000e+00	0.000000e+00	-0.000000e+00	0.000000e+00	0.000000e+00	-nan
