# Wavelength     HSO3- Molar Decadic Absorption Coefficient 
#  (nm)   (M$^{-1}$cm$^{-1}$)
200.02 1.762308e+03
200.23 1.733448e+03
200.23 1.713889e+03
200.33 1.685828e+03
200.44 1.670243e+03
200.44 1.651398e+03
200.65 1.624354e+03
200.65 1.606026e+03
200.85 1.579725e+03
200.86 1.565127e+03
200.86 1.550663e+03
200.96 1.536328e+03
201.06 1.522126e+03
201.07 1.508059e+03
201.07 1.494123e+03
201.17 1.480311e+03
201.27 1.466626e+03
201.28 1.453073e+03
201.28 1.439644e+03
201.48 1.426331e+03
201.48 1.413150e+03
201.49 1.400091e+03
201.59 1.387148e+03
201.69 1.374324e+03
201.69 1.361624e+03
201.70 1.349041e+03
201.80 1.336570e+03
201.90 1.324214e+03
201.91 1.311976e+03
201.91 1.299852e+03
202.01 1.287836e+03
202.11 1.275930e+03
202.12 1.264139e+03
202.12 1.252457e+03
202.22 1.240879e+03
202.32 1.229407e+03
202.33 1.218046e+03
202.33 1.206790e+03
202.43 1.195634e+03
202.53 1.184581e+03
202.54 1.173634e+03
202.54 1.162788e+03
202.64 1.152039e+03
202.74 1.141389e+03
202.75 1.130841e+03
202.75 1.120391e+03
202.85 1.110033e+03
202.95 1.099771e+03
202.96 1.089608e+03
202.96 1.079539e+03
203.06 1.069559e+03
203.16 1.059672e+03
203.17 1.049879e+03
203.17 1.040177e+03
203.17 1.030565e+03
203.38 1.021034e+03
203.38 1.011598e+03
203.38 1.002250e+03
203.38 9.929881e+02
203.48 9.838085e+02
203.59 9.747137e+02
203.59 9.657061e+02
203.59 9.567819e+02
203.69 9.479369e+02
203.80 9.391737e+02
203.80 9.304946e+02
203.80 9.218958e+02
203.80 9.133764e+02
203.90 9.049327e+02
204.01 8.965670e+02
204.01 8.882817e+02
204.01 8.800729e+02
204.11 8.719371e+02
204.22 8.638765e+02
204.22 8.558932e+02
204.22 8.479838e+02
204.22 8.401474e+02
204.33 8.323807e+02
204.43 8.246857e+02
204.43 8.170646e+02
204.43 8.095140e+02
204.43 8.020331e+02
204.64 7.946161e+02
204.64 7.872729e+02
204.64 7.799976e+02
204.64 7.727895e+02
204.75 7.656454e+02
204.85 7.585674e+02
204.85 7.515574e+02
204.85 7.446121e+02
204.86 7.377310e+02
204.96 7.309110e+02
205.06 7.241541e+02
205.06 7.174621e+02
205.07 7.108319e+02
205.07 7.042630e+02
205.27 6.977501e+02
205.28 6.913020e+02
205.28 6.849136e+02
205.28 6.785842e+02
205.28 6.723133e+02
205.49 6.660958e+02
205.49 6.599403e+02
205.49 6.538417e+02
205.49 6.477994e+02
205.59 6.418108e+02
205.70 6.358776e+02
205.70 6.300014e+02
205.70 6.241794e+02
205.70 6.184113e+02
205.80 6.126944e+02
205.91 6.070303e+02
205.91 6.014206e+02
205.91 5.958628e+02
205.91 5.903563e+02
206.12 5.848968e+02
206.12 5.794917e+02
206.12 5.741365e+02
206.12 5.688308e+02
206.85 5.135945e+02
206.75 5.088500e+02
206.75 5.031085e+02
206.96 4.948695e+02
206.96 4.902963e+02
206.96 4.857654e+02
206.97 4.802844e+02
207.17 4.724192e+02
207.17 4.680535e+02
207.18 4.637281e+02
207.18 4.584958e+02
207.39 4.509873e+02
207.39 4.468197e+02
207.39 4.426905e+02
207.39 4.385995e+02
207.39 4.336508e+02
207.60 4.265492e+02
207.60 4.226074e+02
207.60 4.187020e+02
207.60 4.139777e+02
207.81 4.071983e+02
207.81 4.034353e+02
207.81 3.997071e+02
207.81 3.951971e+02
208.02 3.887253e+02
208.02 3.851330e+02
208.02 3.815739e+02
208.03 3.772685e+02
208.23 3.710903e+02
208.23 3.676610e+02
208.24 3.642634e+02
208.24 3.601533e+02
208.44 3.542554e+02
208.45 3.509816e+02
208.45 3.477381e+02
208.45 3.445246e+02
208.45 3.406373e+02
208.66 3.350589e+02
208.66 3.319626e+02
208.66 3.288949e+02
208.66 3.251839e+02
208.87 3.198586e+02
208.87 3.169027e+02
208.87 3.139742e+02
208.87 3.104316e+02
209.08 3.053478e+02
209.08 3.025261e+02
209.08 2.997304e+02
209.08 2.963485e+02
209.19 2.914964e+02
209.29 2.888016e+02
209.29 2.861328e+02
209.30 2.834886e+02
209.30 2.802899e+02
209.50 2.756998e+02
209.51 2.731520e+02
209.51 2.706278e+02
209.51 2.675742e+02
209.72 2.631924e+02
209.72 2.607602e+02
209.72 2.583504e+02
209.72 2.554354e+02
209.82 2.512532e+02
209.93 2.489305e+02
209.93 2.466301e+02
209.93 2.438473e+02
210.04 2.398548e+02
210.14 2.376375e+02
210.14 2.354414e+02
210.14 2.332657e+02
210.14 2.306337e+02
210.35 2.268568e+02
210.35 2.247603e+02
210.35 2.226833e+02
210.36 2.201707e+02
210.46 2.165659e+02
210.56 2.145638e+02
210.57 2.125810e+02
210.57 2.101824e+02
210.67 2.067411e+02
210.78 2.048299e+02
210.78 2.029370e+02
210.78 2.010616e+02
210.78 1.987930e+02
210.99 1.955375e+02
210.99 1.937305e+02
210.99 1.919403e+02
210.99 1.897746e+02
211.10 1.866674e+02
211.20 1.849417e+02
211.20 1.832327e+02
211.20 1.811652e+02
211.31 1.781990e+02
211.41 1.765516e+02
211.41 1.749201e+02
211.41 1.729465e+02
211.52 1.701148e+02
211.62 1.685422e+02
211.62 1.669846e+02
211.63 1.654415e+02
211.63 1.635748e+02
211.73 1.608966e+02
211.84 1.594092e+02
211.84 1.579361e+02
211.84 1.561541e+02
211.94 1.535973e+02
212.05 1.521774e+02
212.05 1.507711e+02
212.05 1.490699e+02
212.16 1.466292e+02
212.16 1.452742e+02
212.26 1.439312e+02
212.26 1.426011e+02
212.26 1.409921e+02
212.37 1.386837e+02
212.47 1.374016e+02
212.47 1.361319e+02
212.48 1.345959e+02
212.58 1.323921e+02
212.68 1.311682e+02
212.69 1.299561e+02
212.69 1.284898e+02
212.79 1.263860e+02
212.79 1.252180e+02
212.90 1.240605e+02
212.90 1.229140e+02
212.90 1.215271e+02
213.00 1.195374e+02
213.11 1.184323e+02
213.11 1.173379e+02
213.11 1.160139e+02
213.22 1.141144e+02
213.32 1.130595e+02
213.32 1.120147e+02
213.32 1.107508e+02
213.43 1.089375e+02
213.43 1.079308e+02
213.53 1.069330e+02
213.53 1.059448e+02
213.54 1.047494e+02
213.64 1.030344e+02
213.74 1.020819e+02
213.75 1.011385e+02
213.75 9.999737e+01
213.85 9.836011e+01
213.96 9.745082e+01
213.96 9.655026e+01
213.96 9.546087e+01
214.06 9.389789e+01
214.06 9.303016e+01
214.17 9.217015e+01
214.17 9.131839e+01
214.17 9.028803e+01
214.28 8.880974e+01
214.38 8.798874e+01
214.38 8.717562e+01
214.38 8.619201e+01
214.49 8.478079e+01
214.59 8.399703e+01
214.59 8.322080e+01
214.59 8.245174e+01
214.60 8.152143e+01
214.70 8.018668e+01
214.80 7.944539e+01
214.81 7.871122e+01
214.81 7.798384e+01
214.81 7.726318e+01
214.91 7.654892e+01
215.02 7.584126e+01
215.02 7.514040e+01
215.02 7.444601e+01
215.02 7.375804e+01
215.12 7.307619e+01
215.23 7.240063e+01
215.23 7.173157e+01
215.23 7.106868e+01
215.23 7.041192e+01
215.23 6.976124e+01
215.34 6.911633e+01
215.44 6.847738e+01
215.44 6.784457e+01
215.44 6.721761e+01
215.44 6.659644e+01
215.55 6.598079e+01
215.65 6.537083e+01
215.65 6.476672e+01
215.65 6.416820e+01
215.66 6.357521e+01
215.66 6.298770e+01
215.86 6.240520e+01
215.86 6.182851e+01
215.87 6.125714e+01
215.87 6.069105e+01
215.87 6.013019e+01
215.97 5.957432e+01
216.08 5.902358e+01
216.08 5.847814e+01
216.08 5.793773e+01
216.08 5.740232e+01
216.08 5.687185e+01
216.29 5.634591e+01
216.29 5.582521e+01
216.29 5.530932e+01
216.29 5.479820e+01
216.29 5.429180e+01
216.50 5.378971e+01
216.50 5.329263e+01
216.50 5.280015e+01
216.50 5.231221e+01
216.50 5.182879e+01
216.51 5.134983e+01
216.71 5.087495e+01
216.71 5.040481e+01
216.71 4.993901e+01
216.72 4.947751e+01
216.72 4.902028e+01
216.92 4.856695e+01
216.92 4.811814e+01
216.93 4.767347e+01
216.93 4.723291e+01
216.93 4.679642e+01
216.93 4.636397e+01
217.14 4.593520e+01
217.14 4.551071e+01
217.14 4.509013e+01
217.14 4.467345e+01
217.14 4.426061e+01
217.35 4.385130e+01
217.35 4.344606e+01
217.35 4.304457e+01
217.35 4.264678e+01
217.35 4.225268e+01
217.49 4.179730e+01
217.56 4.147508e+01
217.56 4.109180e+01
217.56 4.071206e+01
217.56 4.033584e+01
217.57 3.996309e+01
217.77 3.959351e+01
217.77 3.922762e+01
217.77 3.886511e+01
217.78 3.850596e+01
217.78 3.815011e+01
217.98 3.779731e+01
217.99 3.744802e+01
217.99 3.710195e+01
217.99 3.675909e+01
217.99 3.641939e+01
218.20 3.608259e+01
218.20 3.574915e+01
218.20 3.541878e+01
218.20 3.509147e+01
218.20 3.476718e+01
218.20 3.444589e+01
218.41 3.412734e+01
218.41 3.381197e+01
218.41 3.349950e+01
218.41 3.318993e+01
218.41 3.288322e+01
218.62 3.257912e+01
218.62 3.227805e+01
218.62 3.197976e+01
218.62 3.168423e+01
218.62 3.139143e+01
218.83 3.110113e+01
218.83 3.081372e+01
218.83 3.052896e+01
218.84 3.024684e+01
218.84 2.996732e+01
218.94 2.969029e+01
219.04 2.941582e+01
219.05 2.914398e+01
219.05 2.887466e+01
219.05 2.860782e+01
219.05 2.834345e+01
219.26 2.808134e+01
219.26 2.782183e+01
219.26 2.756472e+01
219.26 2.730999e+01
219.26 2.705762e+01
219.47 2.680739e+01
219.47 2.655966e+01
219.47 2.631422e+01
219.47 2.607104e+01
219.47 2.583012e+01
219.58 2.559133e+01
219.68 2.535475e+01
219.68 2.512044e+01
219.68 2.488830e+01
219.68 2.465830e+01
219.69 2.443043e+01
219.89 2.420450e+01
219.89 2.398083e+01
219.89 2.375921e+01
219.90 2.353965e+01
219.90 2.332212e+01
220.10 2.310644e+01
220.10 2.289291e+01
220.11 2.268135e+01
220.11 2.247175e+01
220.11 2.226408e+01
220.21 2.205826e+01
220.32 2.185434e+01
220.32 2.165239e+01
220.32 2.145229e+01
220.32 2.125405e+01
220.42 2.105756e+01
220.53 2.086290e+01
220.53 2.067010e+01
220.53 2.047908e+01
220.53 2.028983e+01
220.53 2.010233e+01
220.74 1.991643e+01
220.74 1.973238e+01
220.74 1.955003e+01
220.74 1.936936e+01
220.74 1.919037e+01
220.85 1.901296e+01
220.95 1.883719e+01
220.95 1.866312e+01
220.95 1.849065e+01
220.96 1.831977e+01
221.06 1.815042e+01
221.16 1.798262e+01
221.16 1.781644e+01
221.17 1.765180e+01
221.17 1.748867e+01
221.17 1.732706e+01
221.37 1.716682e+01
221.38 1.700818e+01
221.38 1.685100e+01
221.38 1.669528e+01
221.38 1.654100e+01
221.48 1.638808e+01
221.59 1.623658e+01
221.59 1.608654e+01
221.59 1.593788e+01
221.59 1.579060e+01
221.70 1.564462e+01
221.80 1.549999e+01
221.80 1.535675e+01
221.80 1.521484e+01
221.80 1.507424e+01
221.91 1.493488e+01
222.01 1.479682e+01
222.01 1.466008e+01
222.01 1.452460e+01
222.01 1.439038e+01
222.02 1.425739e+01
222.22 1.412554e+01
222.22 1.399501e+01
222.22 1.386568e+01
222.23 1.373754e+01
222.23 1.361059e+01
222.43 1.348472e+01
222.43 1.336011e+01
222.44 1.323664e+01
222.44 1.311432e+01
222.44 1.299313e+01
222.65 1.287297e+01
222.65 1.275401e+01
222.65 1.263615e+01
222.65 1.251938e+01
222.65 1.240368e+01
222.86 1.228897e+01
222.86 1.217541e+01
222.86 1.206289e+01
222.86 1.195142e+01
222.86 1.184097e+01
223.00 1.171336e+01
223.07 1.162306e+01
223.07 1.151565e+01
223.07 1.140923e+01
223.07 1.130379e+01
223.21 1.118197e+01
223.28 1.109576e+01
223.28 1.099323e+01
223.28 1.089164e+01
223.29 1.079098e+01
223.42 1.067469e+01
223.49 1.059239e+01
223.49 1.049451e+01
223.50 1.039752e+01
223.50 1.030144e+01
223.60 1.020621e+01
223.60 1.011189e+01
224.31 8.313210e+00
225.02 6.834474e+00
225.73 5.618773e+00
226.45 4.619318e+00
227.16 3.797644e+00
227.87 3.122128e+00
228.58 2.566771e+00
229.29 2.110199e+00
230.00 1.734842e+00
231.00 1.506221e+00
232.00 1.333734e+00
233.00 1.258459e+00
234.00 1.183032e+00
235.00 1.180546e+00
236.00 1.182020e+00
237.00 1.251755e+00
238.00 1.300714e+00
239.00 1.404264e+00
240.00 1.527765e+00
241.00 1.678362e+00
242.00 1.830057e+00
243.00 2.009699e+00
244.00 2.201605e+00
245.00 2.352775e+00
246.00 2.559420e+00
247.00 2.751641e+00
248.00 2.926528e+00
249.00 3.150531e+00
250.00 3.303814e+00
251.00 3.501251e+00
252.00 3.677443e+00
253.00 3.825350e+00
254.00 3.978633e+00
255.00 4.106291e+00
256.00 4.227265e+00
257.00 4.302731e+00
258.00 4.450586e+00
259.00 4.508803e+00
260.00 4.577615e+00
261.00 4.604903e+00
262.00 4.631425e+00
263.00 4.677053e+00
264.00 4.679198e+00
265.00 4.683168e+00
266.00 4.702667e+00
267.00 4.650457e+00
268.00 4.629225e+00
269.00 4.602007e+00
270.00 4.552986e+00
271.00 4.509579e+00
272.00 4.425327e+00
273.00 4.375018e+00
274.00 4.309576e+00
275.00 4.231158e+00
276.00 4.154243e+00
277.00 4.051659e+00
278.00 3.926016e+00
279.00 3.856068e+00
280.00 3.732359e+00
281.00 3.604505e+00
282.00 3.478291e+00
283.00 3.358290e+00
284.00 3.207346e+00
285.00 3.076824e+00
286.00 2.956443e+00
287.00 2.781310e+00
288.00 2.628056e+00
289.00 2.479453e+00
290.00 2.330751e+00
291.00 2.183967e+00
292.00 2.056552e+00
293.00 1.908808e+00
294.00 1.754378e+00
295.00 1.602053e+00
296.00 1.479952e+00
297.00 1.356563e+00
298.00 1.228890e+00
299.00 1.125864e+00
300.00 9.842820e-01
301.00 8.813731e-01
302.00 7.782964e-01
303.00 7.026014e-01
304.00 6.250985e-01
305.00 5.502728e-01
306.00 4.765395e-01
307.00 4.021650e-01
308.00 3.336465e-01
309.00 3.082512e-01
310.00 2.566512e-01
311.00 2.047228e-01
312.00 1.846827e-01
313.00 1.556081e-01
314.00 1.079439e-01
315.00 8.360656e-02
316.00 5.486007e-02
317.00 5.824954e-02
318.00 3.337330e-02
319.00 2.178312e-02
320.00 0.000000e+00
321.00 0.000000e+00
322.00 0.000000e+00
323.00 0.000000e+00
324.00 0.000000e+00
325.00 0.000000e+00
326.00 0.000000e+00
327.00 0.000000e+00
328.00 0.000000e+00
329.00 0.000000e+00
330.00 0.000000e+00
331.00 0.000000e+00
332.00 0.000000e+00
333.00 0.000000e+00
334.00 0.000000e+00
335.00 0.000000e+00
336.00 0.000000e+00
337.00 0.000000e+00
338.00 0.000000e+00
339.00 0.000000e+00
340.00 0.000000e+00
341.00 0.000000e+00
342.00 0.000000e+00
343.00 0.000000e+00
344.00 0.000000e+00
345.00 0.000000e+00
346.00 0.000000e+00
347.00 0.000000e+00
348.00 0.000000e+00
349.00 0.000000e+00
350.00 0.000000e+00
351.00 0.000000e+00
352.00 0.000000e+00
353.00 0.000000e+00
354.00 0.000000e+00
355.00 0.000000e+00
356.00 0.000000e+00
357.00 0.000000e+00
358.00 0.000000e+00
359.00 0.000000e+00
360.00 0.000000e+00
361.00 0.000000e+00
362.00 0.000000e+00
363.00 0.000000e+00
364.00 0.000000e+00
365.00 0.000000e+00
366.00 0.000000e+00
367.00 0.000000e+00
368.00 0.000000e+00
369.00 0.000000e+00
370.00 0.000000e+00
371.00 0.000000e+00
372.00 0.000000e+00
373.00 0.000000e+00
374.00 0.000000e+00
375.00 0.000000e+00
376.00 0.000000e+00
377.00 0.000000e+00
378.00 0.000000e+00
379.00 0.000000e+00
380.00 0.000000e+00
