# Wavelength | Molar Decadic Absorption Coefficient | Uncertainty 
#  (nm) |  (M$^{-1}$cm$^{-1}$) | (M$^{-1}$cm$^{-1}$)
200.00 8.900760e+00 1.105028e+00
201.00 6.940002e+00 8.719017e-01
202.00 5.513135e+00 7.179281e-01
203.00 4.461054e+00 6.094990e-01
204.00 3.638129e+00 5.243907e-01
205.00 2.925928e+00 4.456117e-01
206.00 2.344395e+00 3.601874e-01
207.00 1.937414e+00 3.059216e-01
208.00 1.587031e+00 2.568260e-01
209.00 1.277568e+00 2.152055e-01
210.00 1.036168e+00 1.793557e-01
211.00 8.029221e-01 1.297036e-01
212.00 6.421697e-01 1.039052e-01
213.00 5.037455e-01 8.121726e-02
214.00 3.873115e-01 6.214602e-02
215.00 2.987796e-01 4.767778e-02
216.00 2.109744e-01 3.654580e-02
217.00 1.574122e-01 2.721099e-02
218.00 1.166687e-01 2.005487e-02
219.00 8.755100e-02 1.496781e-02
220.00 6.346670e-02 1.113522e-02
221.00 4.767080e-02 8.355065e-03
222.00 3.609874e-02 6.380952e-03
223.00 2.627803e-02 5.420734e-03
224.00 2.018626e-02 4.456511e-03
225.00 1.614607e-02 3.850216e-03
226.00 1.251000e-02 3.050089e-03
227.00 9.076133e-03 2.565160e-03
228.00 6.405411e-03 8.240128e-04
229.00 5.440987e-03 7.086230e-04
230.00 4.715472e-03 6.309417e-04
231.00 4.132068e-03 5.720297e-04
232.00 3.649400e-03 5.233417e-04
233.00 3.146421e-03 3.909332e-04
234.00 2.825088e-03 3.534749e-04
235.00 2.566441e-03 3.199284e-04
236.00 2.296579e-03 2.863191e-04
237.00 2.066894e-03 2.553864e-04
238.00 1.831076e-03 2.256879e-04
239.00 1.675992e-03 1.985965e-04
240.00 1.456520e-03 1.716004e-04
241.00 1.302312e-03 1.485789e-04
242.00 1.147720e-03 1.255755e-04
243.00 1.019100e-03 1.069750e-04
244.00 9.059884e-04 9.139510e-05
245.00 8.059934e-04 7.512960e-05
246.00 7.388904e-04 6.482795e-05
247.00 6.794084e-04 5.345264e-05
248.00 6.185015e-04 4.511416e-05
249.00 5.741615e-04 4.104283e-05
250.00 5.106428e-04 3.152415e-05
251.00 4.420133e-04 2.157993e-05
252.00 4.350296e-04 1.680429e-05
253.00 4.252750e-04 2.319109e-05
254.00 3.995025e-04 2.293865e-05
255.00 3.663980e-04 1.494443e-05
256.00 3.546598e-04 1.799481e-05
257.00 3.478200e-04 1.862808e-05
258.00 3.253722e-04 1.166389e-05
259.00 3.433195e-04 1.146299e-05
260.00 3.202326e-04 1.328161e-05
261.00 3.385113e-04 1.605302e-05
262.00 2.846007e-04 1.303633e-05
263.00 2.892741e-04 8.034385e-06
264.00 2.761587e-04 2.200683e-05
265.00 2.532794e-04 1.400582e-05
266.00 2.656972e-04 1.800252e-05
267.00 2.372790e-04 1.000261e-05
268.00 2.339395e-04 1.100134e-05
269.00 2.396985e-04 1.900046e-05
270.00 2.364908e-04 2.100017e-05
271.00 2.343611e-04 2.000010e-05
272.00 1.962697e-04 2.400004e-05
273.00 2.142072e-04 1.700004e-05
274.00 2.251582e-04 2.000002e-05
275.00 2.161229e-04 1.200002e-05
276.00 1.980989e-04 1.700001e-05
277.00 2.150819e-04 1.600001e-05
278.00 2.080691e-04 2.100000e-05
279.00 2.090596e-04 1.200000e-05
280.00 2.220528e-04 1.100000e-05
281.00 2.130018e-04 1.900000e-05
282.00 1.800016e-04 2.100000e-05
283.00 1.770015e-04 1.700000e-05
284.00 1.850013e-04 2.100000e-05
285.00 1.780012e-04 3.000000e-05
286.00 1.750011e-04 2.300000e-05
287.00 1.640010e-04 2.800000e-05
288.00 1.680009e-04 2.500000e-05
289.00 1.590008e-04 1.000000e-05
290.00 1.630007e-04 2.000000e-05
291.00 1.600006e-04 1.200000e-05
292.00 1.570006e-04 1.400000e-05
293.00 1.600005e-04 2.300000e-05
294.00 1.510005e-04 3.300000e-05
295.00 1.450005e-04 3.000000e-05
296.00 1.440004e-04 3.000000e-05
297.00 1.230004e-04 2.500000e-05
298.00 1.140004e-04 2.500000e-05
299.00 1.240004e-04 1.600000e-05
300.00 1.240003e-04 2.900000e-05
301.00 1.460003e-04 2.600000e-05
302.00 1.080003e-04 2.100000e-05
303.00 1.380003e-04 2.200000e-05
304.00 1.270003e-04 1.200000e-05
305.00 1.120003e-04 1.200000e-05
306.00 1.220002e-04 1.500000e-05
307.00 1.160002e-04 2.000000e-05
308.00 1.040002e-04 2.600000e-05
309.00 1.250002e-04 1.600000e-05
310.00 1.120002e-04 9.000000e-06
311.00 1.300002e-04 2.000000e-05
312.00 1.190002e-04 1.200000e-05
313.00 1.130000e-04 1.000000e-06
314.00 1.010000e-04 2.100000e-05
315.00 1.050000e-04 1.900000e-05
316.00 9.600004e-05 5.200000e-05
317.00 1.030000e-04 1.800000e-05
318.00 9.300004e-05 1.600000e-05
319.00 1.080000e-04 5.000000e-06
320.00 1.000000e-04 6.000000e-06
321.00 2.691860e-11 5.025200e-12
322.00 2.408290e-11 4.499800e-12
323.00 2.147200e-11 4.019900e-12
324.00 1.902720e-11 3.570400e-12
325.00 1.658190e-11 3.120400e-12
326.00 1.443330e-11 2.872600e-12
327.00 1.253960e-11 2.505000e-12
328.00 1.078640e-11 2.160200e-12
329.00 9.164600e-12 1.840700e-12
330.00 7.778800e-12 1.562200e-12
331.00 7.056700e-12 1.228000e-12
332.00 5.963500e-12 1.037600e-12
333.00 5.029800e-12 8.750000e-13
334.00 4.225300e-12 7.352000e-13
335.00 3.536700e-12 6.154000e-13
336.00 2.983300e-12 5.193000e-13
337.00 2.502000e-12 4.359000e-13
338.00 2.099500e-12 3.661000e-13
339.00 1.771500e-12 3.096000e-13
340.00 1.480500e-12 2.592000e-13
341.00 1.249200e-12 2.197000e-13
342.00 1.041300e-12 1.842000e-13
343.00 8.700000e-13 1.551000e-13
344.00 7.243000e-13 1.313000e-13
345.00 6.035000e-13 1.112000e-13
346.00 5.042000e-13 9.500000e-14
347.00 4.158000e-13 8.130000e-14
348.00 3.423000e-13 7.070000e-14
349.00 2.848000e-13 6.130000e-14
350.00 0.000000e+00 0.000000e+00
351.00 0.000000e+00 0.000000e+00
352.00 0.000000e+00 0.000000e+00
353.00 0.000000e+00 0.000000e+00
354.00 0.000000e+00 0.000000e+00
355.00 0.000000e+00 0.000000e+00
356.00 0.000000e+00 0.000000e+00
357.00 0.000000e+00 0.000000e+00
358.00 0.000000e+00 0.000000e+00
359.00 0.000000e+00 0.000000e+00
360.00 0.000000e+00 0.000000e+00
