# Wavelength | Molar Decadic Absorption Coefficient | Uncertainty 
#  (nm) |  (M$^{-1}$cm$^{-1}$) | (M$^{-1}$cm$^{-1}$)
200.00 4.526178e-02 1.924277e-03
201.00 3.749219e-02 1.593052e-03
202.00 3.029969e-02 1.282155e-03
203.00 2.504322e-02 1.063588e-03
204.00 2.065854e-02 8.828282e-04
205.00 1.724826e-02 7.448479e-04
206.00 1.516431e-02 6.626655e-04
207.00 1.305579e-02 5.878325e-04
208.00 1.150781e-02 5.395897e-04
209.00 1.035083e-02 5.127364e-04
210.00 9.744733e-03 5.042179e-04
211.00 8.991073e-03 4.973231e-04
212.00 8.070697e-03 4.844493e-04
213.00 8.040974e-03 4.976912e-04
214.00 7.488640e-03 4.968063e-04
215.00 6.605336e-03 4.902573e-04
216.00 3.215982e-03 4.677529e-04
217.00 3.204256e-03 4.725707e-04
218.00 3.209847e-03 4.737757e-04
219.00 3.205052e-03 4.717388e-04
220.00 3.087474e-03 4.659731e-04
221.00 3.052368e-03 4.575836e-04
222.00 2.975041e-03 4.475278e-04
223.00 2.914257e-03 4.339737e-04
224.00 2.846402e-03 4.182735e-04
225.00 2.736687e-03 4.026310e-04
226.00 2.683998e-03 3.861018e-04
227.00 2.576651e-03 3.676606e-04
228.00 2.459609e-03 3.485802e-04
229.00 2.355207e-03 3.306527e-04
230.00 2.256028e-03 3.114577e-04
231.00 2.140384e-03 2.929674e-04
232.00 2.012422e-03 2.768057e-04
233.00 1.910331e-03 2.601793e-04
234.00 1.811391e-03 2.423473e-04
235.00 1.727348e-03 2.272198e-04
236.00 1.607417e-03 2.111398e-04
237.00 1.507863e-03 1.973386e-04
238.00 1.388082e-03 1.839489e-04
239.00 1.335550e-03 1.721852e-04
240.00 1.281377e-03 1.614876e-04
241.00 1.202381e-03 1.515894e-04
242.00 1.114718e-03 1.403191e-04
243.00 1.042912e-03 1.316288e-04
244.00 9.794304e-04 1.239682e-04
245.00 9.212888e-04 1.149449e-04
246.00 8.867297e-04 1.084750e-04
247.00 8.540841e-04 1.014914e-04
248.00 8.133303e-04 9.559950e-05
249.00 7.836585e-04 9.149336e-05
250.00 7.431840e-04 8.797225e-05
251.00 6.813569e-04 8.193276e-05
252.00 6.779657e-04 7.796271e-05
253.00 6.689966e-04 7.674985e-05
254.00 6.431166e-04 7.408553e-05
255.00 6.086354e-04 6.966625e-05
256.00 5.944395e-04 6.821838e-05
257.00 5.843486e-04 6.637238e-05
258.00 5.579758e-04 6.279430e-05
259.00 5.717428e-04 6.098085e-05
260.00 5.443049e-04 5.972524e-05
261.00 5.555706e-04 5.751391e-05
262.00 4.967292e-04 5.519470e-05
263.00 4.967172e-04 5.283171e-05
264.00 4.782607e-04 5.525356e-05
265.00 4.499819e-04 5.113906e-05
266.00 4.571511e-04 5.105637e-05
267.00 4.235831e-04 4.749531e-05
268.00 4.145152e-04 4.628327e-05
269.00 4.146400e-04 4.749061e-05
270.00 4.060095e-04 4.708889e-05
271.00 3.980291e-04 4.533414e-05
272.00 3.541519e-04 4.599988e-05
273.00 3.666358e-04 4.152550e-05
274.00 3.716961e-04 4.155271e-05
275.00 3.566877e-04 3.694871e-05
276.00 3.329382e-04 3.759026e-05
277.00 3.444249e-04 3.592897e-05
278.00 3.317214e-04 3.724111e-05
279.00 3.269378e-04 3.168469e-05
280.00 3.344563e-04 3.005574e-05
281.00 3.201189e-04 3.273136e-05
282.00 2.816695e-04 3.288187e-05
283.00 2.736554e-04 2.945743e-05
284.00 2.767515e-04 3.102846e-05
285.00 2.646929e-04 3.696525e-05
286.00 2.572247e-04 3.080321e-05
287.00 2.418324e-04 3.406482e-05
288.00 2.416324e-04 3.101491e-05
289.00 2.285849e-04 2.003168e-05
290.00 2.289874e-04 2.590529e-05
291.00 2.222687e-04 1.963439e-05
292.00 2.158308e-04 2.029407e-05
293.00 2.156294e-04 2.687319e-05
294.00 2.036409e-04 3.552541e-05
295.00 1.947055e-04 3.247584e-05
296.00 1.910378e-04 3.222835e-05
297.00 1.676710e-04 2.739186e-05
298.00 1.563812e-04 2.716500e-05
299.00 1.644339e-04 1.894838e-05
300.00 1.626951e-04 3.058662e-05
301.00 1.831420e-04 2.762993e-05
302.00 1.437202e-04 2.284653e-05
303.00 1.725707e-04 2.366456e-05
304.00 1.605140e-04 1.467978e-05
305.00 1.446051e-04 1.455214e-05
306.00 1.537912e-04 1.705524e-05
307.00 1.471286e-04 2.152187e-05
308.00 1.345885e-04 2.715416e-05
309.00 1.551750e-04 1.776595e-05
310.00 1.418428e-04 1.182543e-05
311.00 1.595675e-04 2.138613e-05
312.00 1.483463e-04 1.415804e-05
313.00 1.421918e-04 7.572708e-06
314.00 1.300992e-04 2.228706e-05
315.00 1.340110e-04 2.041692e-05
316.00 1.249494e-04 5.253191e-05
317.00 1.319139e-04 1.948770e-05
318.00 1.218318e-04 1.764487e-05
319.00 1.368163e-04 8.944611e-06
320.00 1.287741e-04 9.567223e-06
321.00 2.869256e-05 7.400498e-06
322.00 2.863415e-05 7.415701e-06
323.00 2.851979e-05 7.361550e-06
324.00 2.840141e-05 7.361667e-06
325.00 2.822471e-05 7.315335e-06
326.00 2.802300e-05 7.252812e-06
327.00 2.780407e-05 7.213392e-06
328.00 2.753374e-05 7.143990e-06
329.00 2.722047e-05 7.086739e-06
330.00 2.687270e-05 7.007705e-06
331.00 2.651021e-05 6.941563e-06
332.00 2.610864e-05 6.882350e-06
333.00 2.566794e-05 6.704450e-06
334.00 2.517067e-05 6.639297e-06
335.00 2.465504e-05 6.523897e-06
336.00 2.416382e-05 6.396819e-06
337.00 2.362297e-05 6.324793e-06
338.00 2.304428e-05 6.159234e-06
339.00 2.247798e-05 6.061168e-06
340.00 2.188294e-05 5.941495e-06
341.00 2.125821e-05 5.768354e-06
342.00 2.061628e-05 5.613007e-06
343.00 1.995769e-05 5.531024e-06
344.00 1.929667e-05 5.297415e-06
345.00 1.864148e-05 5.165391e-06
346.00 1.794904e-05 5.082586e-06
347.00 1.724928e-05 4.950597e-06
348.00 1.655334e-05 4.784796e-06
349.00 1.583609e-05 4.614265e-06
350.00 1.517464e-05 4.450832e-06
351.00 1.452541e-05 4.375494e-06
352.00 1.386253e-05 4.238223e-06
353.00 1.321153e-05 4.105645e-06
354.00 1.258377e-05 3.976677e-06
355.00 1.195378e-05 3.815824e-06
356.00 1.136808e-05 3.663432e-06
357.00 1.081649e-05 3.656375e-06
358.00 1.028639e-05 3.707614e-06
359.00 9.766597e-06 3.444907e-06
360.00 9.321800e-06 3.584530e-06
