# Wavelength | Molar Decadic Absorption Coefficient | Uncertainty 
#  (nm) |  (M$^{-1}$cm$^{-1}$) | (M$^{-1}$cm$^{-1}$)
200.00 4.430157e-02 1.908353e-03
201.00 3.648935e-02 1.572144e-03
202.00 2.925309e-02 1.253894e-03
203.00 2.395145e-02 1.026473e-03
204.00 1.951755e-02 8.337398e-04
205.00 1.605610e-02 6.806255e-04
206.00 1.391348e-02 5.821104e-04
207.00 1.174295e-02 4.853979e-04
208.00 1.012667e-02 4.123506e-04
209.00 8.897334e-03 3.597603e-04
210.00 8.218954e-03 3.282185e-04
211.00 7.390863e-03 2.945063e-04
212.00 6.403782e-03 2.468098e-04
213.00 6.309274e-03 2.462387e-04
214.00 5.698162e-03 2.174992e-04
215.00 4.769928e-03 1.763627e-04
216.00 1.349069e-03 5.142499e-05
217.00 1.317615e-03 5.387137e-05
218.00 1.318863e-03 5.732722e-05
219.00 1.324504e-03 6.332445e-05
220.00 1.231789e-03 6.718382e-05
221.00 1.232902e-03 7.158985e-05
222.00 1.202021e-03 8.014120e-05
223.00 1.197152e-03 8.118941e-05
224.00 1.194400e-03 8.232318e-05
225.00 1.149762e-03 8.339031e-05
226.00 1.166782e-03 8.525962e-05
227.00 1.134992e-03 8.458661e-05
228.00 1.095542e-03 8.270746e-05
229.00 1.064521e-03 8.173519e-05
230.00 1.038727e-03 7.549357e-05
231.00 9.952676e-04 7.092679e-05
232.00 9.316885e-04 6.805341e-05
233.00 8.950937e-04 6.445935e-05
234.00 8.638433e-04 5.803467e-05
235.00 8.401999e-04 5.554792e-05
236.00 7.779446e-04 4.610263e-05
237.00 7.319721e-04 4.220850e-05
238.00 6.631571e-04 3.710676e-05
239.00 6.564896e-04 3.394173e-05
240.00 6.448355e-04 3.219578e-05
241.00 6.071785e-04 3.288752e-05
242.00 5.576892e-04 2.240558e-05
243.00 5.199720e-04 1.930431e-05
244.00 4.897816e-04 2.227362e-05
245.00 4.625424e-04 1.220581e-05
246.00 4.573847e-04 1.890884e-05
247.00 4.492701e-04 1.234966e-05
248.00 4.317024e-04 1.071687e-05
249.00 4.226856e-04 1.711452e-05
250.00 4.005356e-04 2.134115e-05
251.00 3.557355e-04 1.140526e-05
252.00 3.670204e-04 8.355533e-06
253.00 3.719936e-04 2.009290e-05
254.00 3.584462e-04 2.105589e-05
255.00 3.345059e-04 1.305909e-05
256.00 3.299533e-04 1.703003e-05
257.00 3.287135e-04 1.801953e-05
258.00 3.108810e-04 1.102696e-05
259.00 3.320889e-04 1.102003e-05
260.00 3.114644e-04 1.301293e-05
261.00 3.335780e-04 1.600516e-05
262.00 2.811540e-04 1.300483e-05
263.00 2.868394e-04 8.006224e-06
264.00 2.745553e-04 2.200178e-05
265.00 2.523165e-04 1.400224e-05
266.00 2.651378e-04 1.800143e-05
267.00 2.369685e-04 1.000272e-05
268.00 2.338324e-04 1.100196e-05
269.00 2.397214e-04 1.900090e-05
270.00 2.366258e-04 2.100065e-05
271.00 2.345450e-04 2.000055e-05
272.00 1.964989e-04 2.400031e-05
273.00 2.144417e-04 1.700036e-05
274.00 2.253885e-04 2.000025e-05
275.00 2.163420e-04 1.200033e-05
276.00 1.983034e-04 1.700019e-05
277.00 2.152708e-04 1.600017e-05
278.00 2.082410e-04 2.100011e-05
279.00 2.092143e-04 1.200016e-05
280.00 2.221917e-04 1.100014e-05
281.00 2.131772e-04 1.900003e-05
282.00 1.801580e-04 2.100002e-05
283.00 1.771421e-04 1.700002e-05
284.00 1.851280e-04 2.100001e-05
285.00 1.781147e-04 3.000001e-05
286.00 1.751040e-04 2.300001e-05
287.00 1.640943e-04 2.800001e-05
288.00 1.680857e-04 2.500001e-05
289.00 1.590780e-04 1.000001e-05
290.00 1.630655e-04 2.000000e-05
291.00 1.600592e-04 1.200000e-05
292.00 1.570537e-04 1.400000e-05
293.00 1.600490e-04 2.300000e-05
294.00 1.510447e-04 3.300000e-05
295.00 1.450407e-04 3.000000e-05
296.00 1.440372e-04 3.000000e-05
297.00 1.230343e-04 2.500000e-05
298.00 1.140315e-04 2.500000e-05
299.00 1.240292e-04 1.600000e-05
300.00 1.240271e-04 2.900000e-05
301.00 1.460253e-04 2.600000e-05
302.00 1.080237e-04 2.100000e-05
303.00 1.380223e-04 2.200000e-05
304.00 1.270209e-04 1.200000e-05
305.00 1.120198e-04 1.200000e-05
306.00 1.220180e-04 1.500000e-05
307.00 1.160169e-04 2.000000e-05
308.00 1.040161e-04 2.600000e-05
309.00 1.250154e-04 1.600000e-05
310.00 1.120147e-04 9.000000e-06
311.00 1.300140e-04 2.000000e-05
312.00 1.190135e-04 1.200000e-05
313.00 1.130002e-04 1.000000e-06
314.00 1.010002e-04 2.100000e-05
315.00 1.050002e-04 1.900000e-05
316.00 9.600021e-05 5.200000e-05
317.00 1.030002e-04 1.800000e-05
318.00 9.300018e-05 1.600000e-05
319.00 1.080002e-04 5.000000e-06
320.00 1.000001e-04 6.000000e-06
321.00 1.345930e-10 2.512600e-11
322.00 1.204145e-10 2.249900e-11
323.00 1.073600e-10 2.009950e-11
324.00 9.513600e-11 1.785200e-11
325.00 8.290950e-11 1.560200e-11
326.00 7.216650e-11 1.436300e-11
327.00 6.269800e-11 1.252500e-11
328.00 5.393200e-11 1.080100e-11
329.00 4.582300e-11 9.203500e-12
330.00 3.889400e-11 7.811000e-12
331.00 3.528350e-11 6.140000e-12
332.00 2.981750e-11 5.188000e-12
333.00 2.514900e-11 4.375000e-12
334.00 2.112650e-11 3.676000e-12
335.00 1.768350e-11 3.077000e-12
336.00 1.491650e-11 2.596500e-12
337.00 1.251000e-11 2.179500e-12
338.00 1.049750e-11 1.830500e-12
339.00 8.857500e-12 1.548000e-12
340.00 7.402500e-12 1.296000e-12
341.00 6.246000e-12 1.098500e-12
342.00 5.206500e-12 9.210000e-13
343.00 4.350000e-12 7.755000e-13
344.00 3.621500e-12 6.565000e-13
345.00 3.017500e-12 5.560000e-13
346.00 2.521000e-12 4.750000e-13
347.00 2.079000e-12 4.065000e-13
348.00 1.711500e-12 3.535000e-13
349.00 1.424000e-12 3.065000e-13
350.00 0.000000e+00 0.000000e+00
351.00 0.000000e+00 0.000000e+00
352.00 0.000000e+00 0.000000e+00
353.00 0.000000e+00 0.000000e+00
354.00 0.000000e+00 0.000000e+00
355.00 0.000000e+00 0.000000e+00
356.00 0.000000e+00 0.000000e+00
357.00 0.000000e+00 0.000000e+00
358.00 0.000000e+00 0.000000e+00
359.00 0.000000e+00 0.000000e+00
360.00 0.000000e+00 0.000000e+00
