0.000000 1.187885e-02 1.045647e-02 8.100000 75
0.000010 1.782995e-03 6.381647e-04 60.300000 56
0.000110 7.607629e-05 6.398231e-05 74.700000 56
0.001110 3.666337e-05 1.637140e-05 2.700000 7
0.011110 3.917003e-06 2.848090e-06 72.900000 5
0.111110 3.754735e-07 3.145713e-07 89.100000 4
1.111110 4.604076e-08 4.232935e-08 8.100000 47
11.111110 5.049658e-09 4.821830e-09 8.100000 47
111.111110 5.035820e-10 4.095797e-10 26.100000 65
1111.111110 5.440412e-11 5.367631e-11 0.900000 77
11111.111110 1.068777e-11 1.045440e-11 87.300000 19
111111.111110 7.304299e-13 6.919629e-13 87.300000 19
1111111.111110 2.706777e-13 2.514189e-13 87.300000 19
11111111.111110 3.456857e-15 2.692133e-15 80.100000 19
111111111.111110 3.415325e-16 3.392976e-16 87.300000 19
1111111111.111110 1.838827e-17 1.691256e-17 87.300000 19
11111111111.111111 3.407300e-19 3.313369e-19 56.700000 29
111111111111.111115 5.152048e-20 4.350029e-20 9.900000 77
1111111111111.111084 1.891666e-21 1.653057e-21 9.900000 77
11111111111111.111328 5.133541e-23 4.821850e-23 53.100000 32
111111111111111.109375 3.792539e-25 3.788879e-25 4.500000 72
1111111111111111.125000 1.618580e-26 1.521937e-26 54.900000 32
11111111111111112.000000 7.916683e-28 6.461347e-28 9.900000 77
111111111111111104.000000 2.783944e-28 2.363535e-28 9.900000 77
1111111111111111168.000000 1.759483e-29 1.640152e-29 56.700000 29
11111111111111110656.000000 1.914588e-30 1.822284e-30 9.900000 77
111111111111111114752.000000 8.169116e-32 6.674845e-32 9.900000 77
1111111111111111081984.000000 1.438568e-32 1.339734e-32 11.700000 25
11111111111111111344128.000000 3.356684e-33 3.074653e-33 9.900000 77
111111111111111109246976.000000 1.925134e-34 1.869348e-34 56.700000 29
1111111111111111092469760.000000 4.143689e-35 3.354823e-35 9.900000 77
11111111111111108777213952.000000 5.324353e-36 4.089899e-36 9.900000 77
111111111111111104952008704.000000 3.832635e-37 2.866851e-37 9.900000 77
1111111111111110912081133568.000000 9.901052e-39 9.894645e-39 0.900000 72
11111111111111109670567149568.000000 2.022451e-39 1.666245e-39 11.700000 25
111111111111111105501764517888.000000 7.557084e-40 5.624474e-40 9.900000 77
1111111111111110914280156823552.000000 5.108509e-41 4.419175e-41 9.900000 77
11111111111111109705751521656832.000000 1.107601e-42 1.062698e-42 53.100000 27
111111111111111097057515216568320.000000 1.366898e-43 1.045240e-43 9.900000 77
1111111111111111114690340241539072.000000 3.868249e-44 2.961511e-44 9.900000 77
11111111111111109993981897808543744.000000 6.856911e-46 6.855918e-46 27.900000 25
111111111111111113774877033367601152.000000 2.223420e-46 2.119944e-46 56.700000 29
1111111111111111027068305891418701824.000000 2.298157e-47 2.235583e-47 0.900000 36
11111111111111108499795627838070063104.000000 5.840292e-48 4.387041e-48 9.900000 77
111111111111111089720322761250345844736.000000 1.483469e-49 1.169608e-49 9.900000 77
1111111111111110859424295749546296737792.000000 1.038684e-50 1.037506e-50 6.300000 72
11111111111111107687548592784491086348288.000000 2.235766e-51 1.925564e-51 9.900000 77
111111111111111081711189206303427562307584.000000 1.892524e-52 1.841988e-52 56.700000 29
1111111111111110971854396973706809985466368.000000 6.277977e-54 6.033692e-54 53.100000 27
11111111111111110028028979558413168579444736.000000 8.804592e-55 8.306328e-55 9.900000 77
111111111111111107707930031296413335189192704.000000 1.208260e-55 1.063348e-55 9.900000 77
1111111111111110997851137798699795758347976704.000000 6.748644e-56 5.017598e-56 9.900000 77
11111111111111110612336678101112658331831369728.000000 8.016882e-57 5.966874e-57 9.900000 77
111111111111111113729270382380502992298532929536.000000 4.990427e-58 4.990361e-58 4.500000 72
1111111111111111177857523031108370770879831867392.000000 5.885528e-60 5.094101e-60 9.900000 77
11111111111111112103093783969510434491954339250176.000000 1.058039e-60 8.144344e-61 9.900000 77
111111111111111128819383127497345787715287886331904.000000 1.292710e-61 9.813654e-62 9.900000 77
1111111111111111122040331801858973764176996328275968.000000 1.104251e-62 8.415492e-63 9.900000 77
11111111111111110888096319072360769415818198212673536.000000 3.080115e-63 2.546687e-63 9.900000 77
111111111111111100905595216014112456735339620444667904.000000 3.145277e-64 2.647217e-64 9.900000 77
1111111111111111179197135620610356299040699920330784768.000000 1.768332e-65 1.438682e-65 11.700000 25
11111111111111112132253723127042026453781606635076059136.000000 3.653025e-66 2.722605e-66 9.900000 77
111111111111111121322537231270420264537816066350760591360.000000 5.662455e-67 4.296056e-67 9.900000 77
1111111111111111126113086380943955998754261160974943780864.000000 2.045950e-68 2.034553e-68 9.900000 77
11111111111111112654927438717603506333525003650272031932416.000000 2.095561e-69 1.713826e-69 9.900000 77
111111111111111115398901787910723492567390900178539566333952.000000 2.372332e-70 1.856504e-70 9.900000 77
1111111111111111332394979467352220057959655182972287711182848.000000 2.232186e-71 1.950849e-71 9.900000 77
11111111111111112610325948320542260050453567104975308920455168.000000 4.030159e-72 3.188708e-72 9.900000 77
111111111111111117539773326969663314154819854352782270908071936.000000 5.487027e-74 5.163769e-74 53.100000 27
1111111111111111358085437936059497917008802633063200166072287232.000000 7.405898e-74 5.507511e-74 9.900000 77
11111111111111112484728151362417790517324401793419736918773465088.000000 5.815528e-75 4.328540e-75 9.900000 77
111111111111111133616291337609595414395353014231895487123329908736.000000 8.237165e-77 8.230751e-77 0.900000 72
1111111111111111195858756192329273996399786201555784984263774961664.000000 1.731783e-77 1.509101e-77 9.900000 77
11111111111111113081020819393426181144427813541663208938393942622208.000000 1.610871e-78 1.598736e-78 18.900000 25
111111111111111121830742134173194282000838523207789216617889882177536.000000 7.664437e-80 5.760984e-80 9.900000 77
1111111111111111170416935689672915996310040633630730178093301253537792.000000 1.622282e-80 1.243558e-80 9.900000 77
11111111111111112087293242113201374552687163123884597685617793081278464.000000 4.641045e-82 3.683299e-82 9.900000 77
111111111111111123937923502863791462243565685539464344093656175179988992.000000 1.357165e-83 1.250961e-83 11.700000 25
1111111111111111288419092336346358089902761724204537316736213661675159552.000000 1.129974e-83 1.022228e-83 9.900000 77
11111111111111112491872064901796033159290778291566222160964921337749438464.000000 9.200293e-85 8.862211e-85 11.700000 25
111111111111111115503068045937939185839223648104162597456116046681442615296.000000 3.566119e-86 3.460339e-86 56.700000 29
1111111111111111230355901284019561024421709559533622967789425800382840307712.000000 5.628478e-87 5.432160e-87 56.700000 29
11111111111111111098355479645952903587745526339464277786242012666733776601088.000000 9.852033e-88 9.309214e-88 56.700000 29
111111111111111120625183062013470689129227817441618392995638089364094777819136.000000 1.804707e-88 1.446884e-88 9.900000 77
1111111111111111257673848036422395708635065129333387210666876694690318507835392.000000 4.171838e-90 3.683952e-90 11.700000 25
11111111111111112576738480364223957086350651293333872106668766946903185078353920.000000 1.585288e-90 1.186908e-90 9.900000 77
111111111111111125767384803642239570863506512933338721066687669469031850783539200.000000 3.344209e-91 2.792334e-91 9.900000 77
1111111111111111257673848036422395708635065129333387210666876694690318507835392000.000000 3.543656e-92 2.713583e-92 9.900000 77
11111111111111112576738480364223957086350651293333872106668766946903185078353920000.000000 8.868352e-93 6.606885e-93 9.900000 77
111111111111111132507371470429899519530260284688246389475973775104174971059441762304.000000 1.213649e-93 9.220520e-94 9.900000 77
1111111111111111486833394707202833963304693369000247936582604286285184597216079118336.000000 2.579247e-95 1.950812e-95 9.900000 77
11111111111111115299693093746438576347719175082316570144020353623501005669818555170816.000000 1.373313e-96 1.030636e-96 9.900000 77
111111111111111149546057764069103869759813819684652975214649050149816779116923439808512.000000 1.022011e-97 9.712955e-98 18.900000 61
1111111111111111605888519189340059296554231993278936991364234056224352673769621978873856.000000 2.061045e-98 1.909160e-98 9.900000 77
11111111111111116942308724282592757757191070304248627827384289000053005798499320435048448.000000 2.806389e-99 2.244216e-99 9.900000 77
111111111111111162355698983712390259238720700070812214963907302498054225498568399180005376.000000 2.046467e-100 1.941839e-100 9.900000 77
1111111111111111651826542873578051865719967012594818402878815374990445584931383212481970176.000000 6.550923e-101 5.468474e-101 9.900000 77
11111111111111115613639731569247741910551349745573903925116398549587549291051457062998376448.000000 1.992634e-102 1.957036e-102 53.100000 27
111111111111111170610408470357001847051886623541727520909912068700945997842712571619124969472.000000 2.702369e-103 2.562444e-103 11.700000 25
1111111111111111648208040084911920758733373731073321282464128354189177958698333712234684874752.000000 4.034092e-104 3.558264e-104 9.900000 77
11111111111111118334753828646178334364469497449739738476961038192140804218304681248956922986496.000000 1.902841e-105 1.843545e-105 56.700000 29
111111111111111175936844575273546836536151933941371282160331363320411943657761435983128932909056.000000 4.057482e-106 3.031605e-106 9.900000 77
1111111111111111877939545131747252479098207988310130463351777930820057012982180383934334080385024.000000 1.752014e-107 1.562952e-107 11.700000 25
11111111111111117830826656285378251881088570691929963499530064927273069518585275646518982793494528.000000 3.558574e-108 2.760060e-108 9.900000 77
111111111111111178308266562853782518810885706919299634995300649272730695185852756465189827934945280.000000 5.866887e-109 4.910565e-109 9.900000 77
1111111111111111722374262746483791721875672480958030517377792772347946912739389760311139366686687232.000000 3.330234e-110 2.655414e-110 9.900000 77
11111111111111118195077073577702452678487678221339758494981347249549229753300102472563536269471121408.000000 6.414003e-111 4.868418e-111 9.900000 77
111111111111111174180095166874108243107029154919321958380186116286934212525751385770018221873877221376.000000 1.205662e-111 9.028905e-112 9.900000 77
1111111111111111803966356219964412700493072567545824596358880012537806805315510969345119345305444155392.000000 3.880631e-113 3.111398e-113 9.900000 77
11111111111111117542340325789857484849548477528637405863132649328030350612691132800291696440521066020864.000000 1.702926e-114 1.297312e-114 9.900000 77
111111111111111187359160931733454260224658730810074221042274112416648724698046773438744892706011673001984.000000 3.976160e-116 3.867057e-116 11.700000 25
1111111111111111905420296447560887700191051189497275976851934775196741163170162255549656735862252764135424.000000 6.300391e-117 6.185284e-117 56.700000 29
11111111111111119818091455601041159352577645048489570162819995376693505620254291063389554769873792460128256.000000 1.160373e-116 8.812382e-117 9.900000 77
111111111111111181884626745334522903378210943209870413216452804439445051113419315798845149592044275134103552.000000 7.539552e-118 5.621893e-118 9.900000 77
1111111111111111786253691831993451653486978417548653555341033745739470500955945968318350699707055452406677504.000000 2.531186e-119 2.528201e-119 6.300000 72
11111111111111117862536918319934516534869784175486535553410337457394705009559459683183506997070554524066775040.000000 1.297389e-120 1.006775e-120 9.900000 77
111111111111111195312767901331455184059804921204491250867732455485296815306857157942926677631959842295059054592.000000 1.336239e-121 1.014948e-121 9.900000 77
1111111111111111819628489268257671690909192576447905346008291907562170031378471090540533915029564046515460112384.000000 8.260639e-123 8.101077e-123 9.900000 77
11111111111111117929286513192462956609714212493285039134744853781040104070404509927627873427715571712284340256768.000000 2.754432e-124 2.648565e-124 53.100000 32
111111111111111162204968844557348906936968475576433474525812358957178881127712236698520928032031316939146707075072.000000 1.383837e-124 1.105232e-124 9.900000 77
1111111111111111690401273595042611706010379353190002412544668304984677449582453817296240505300810770126253852721152.000000 1.939138e-125 1.576168e-125 9.900000 77
11111111111111116630606395352549626513541015142197353456300504188195219942603212371718280153086117298323391399329792.000000 4.841541e-126 4.073002e-126 9.900000 77
111111111111111175055066852657543962625419059892458995975682765454801945129114549356994798328364865877286622085513216.000000 6.072528e-127 5.021879e-127 9.900000 77
1111111111111111680558645333519058046334119331160706268455405865965221485666486088451452008903619115620444556117409792.000000 4.197467e-128 3.470616e-128 9.900000 77
11111111111111115965682175018514001504300338098440458388936997196658639269168948023092568396475836638375385584321429504.000000 4.612802e-129 3.858329e-129 9.900000 77
111111111111111168615800718896356857272772503258181696375951960905184532291645884086093168685402147907263828929642758144.000000 1.751799e-130 1.683784e-130 56.700000 29
1111111111111111757829838938653303310565878010772033863652175520560630439716110071702271564619171731260718073987855286272.000000 2.019896e-131 1.654582e-131 9.900000 77
11111111111111118151673043384050911008364003933242073835663002497676585331558310563753434668312919330111819017409974501376.000000 1.294050e-132 1.068527e-132 9.900000 77
111111111111111167755738737900080040418714667519899093577240089967079110890050069315997090152220344881006871513345625686016.000000 5.737869e-133 4.264895e-133 9.900000 77
1111111111111111787645320946524232961506549649699164094007520379748285048304764983732268953769474236170959264419489211482112.000000 9.094948e-134 6.768318e-134 9.900000 77
11111111111111117582885386618513176128880421898324512518114885183942866644636278395796561398368686928747217846098804235829248.000000 1.203108e-135 1.035218e-135 11.700000 25
111111111111111157040513203994465938172959444668548906175688460572869700788035011700293413066819321577880191382838418102812672.000000 8.844962e-136 6.579193e-136 9.900000 77
1111111111111111645558494688707322674192973543944273937778726170794932870513661206033622934335663406617169862140982678050045952.000000 7.263693e-137 5.410274e-137 9.900000 77
11111111111111116756198397482123879911783251828477878881874627968214272155669856416458984558026514829525170414660220768588136448.000000 4.087876e-138 3.331523e-138 9.900000 77
111111111111111157942353555779617897682519993835654324687950559353664531139634744768661678710828963867940606762589600067075702784.000000 1.064389e-139 8.043077e-140 9.900000 77
1111111111111111656380578910129146188307700133949538959925871356164470834732858002854042122063779114097894846697996861621202321408.000000 3.229934e-141 3.083413e-141 11.700000 25
11111111111111115332493095463963986499356998210007458190516861359599499973944411145861615861349959534283128001826354841004898516992.000000 2.476201e-141 2.014505e-141 9.900000 77
111111111111111158250181729188949766528449994618026307540136022404175833232980786989331380050650921769614561878878003510877483958272.000000 3.503881e-143 3.501799e-143 4.500000 72
1111111111111111661305829684678456089842580146467490685560838764972651668226394678384757343500930440524678128558611316722030820196352.000000 1.688925e-143 1.624437e-143 56.700000 29
11111111111111117243490395989096228294890443066972727736884215977173663369436641251779121778964674187875041363744763420126356046872576.000000 1.461488e-144 1.368848e-144 56.700000 29
111111111111111167391447166752468943777187297851344710318635533152159460196984856774338831038003783617724333012178432178015177709453312.000000 3.027407e-145 2.308132e-145 9.900000 77
1111111111111111552871508632200849297650661790872265493981396292651742438032691229900531028340606837912617395115323473222190590871994368.000000 3.072171e-146 2.463104e-146 9.900000 77
11111111111111116497058790604599214097476307409852107813453635237476241691824171001748168539721516365243181431204921520685595398500253696.000000 4.572060e-148 4.346484e-148 53.100000 32
111111111111111167552837784132900730630682246101532952464242145203985929748901066558129307414056358282077167592187046642759125957750030336.000000 1.593981e-148 1.324871e-148 9.900000 77
1111111111111111551580383693157395002822702204870759556816543396237130681617361551630207217332186240597794718475254557504239004885620621312.000000 2.284720e-150 2.284163e-150 4.500000 72
11111111111111116176859805721822548980142330081478635396570116926652526100822410790707863409633208231167157624467830422633602073879564517376.000000 9.673177e-151 7.208716e-151 9.900000 77
111111111111111167057045807540214281416745765076954672592938632980775015285414470102324963986822848913185259762400583007065716938982511607808.000000 1.332013e-151 1.071440e-151 9.900000 77
1111111111111111712878040077978053147090037364866893274947286039521748187071667598585220278992154621943962065765784060316494738991320047550464.000000 3.634805e-152 2.886894e-152 9.900000 77
11111111111111116790319744759173248807519735935890160357329662717505497596976492805356437676930137156942744912523614761198246833101241023725568.000000 9.263377e-154 9.210568e-154 18.900000 25
111111111111111157072456454932299442847016952549980887024714301488271479210079066277699893153576281569527425280940920669048050513029707780325376.000000 1.489999e-154 1.246223e-154 9.900000 77
1111111111111111657370492490598458790295612779971174602635801620376982766178277556983914800461563535694474443563771022233955847674158697458696192.000000 2.391875e-155 1.917876e-155 9.900000 77
11111111111111117613456060201290160244861446853368134815021919469701043350712618300322138431725243996935146724690052008861262587267926410452271104.000000 1.150909e-156 1.146646e-156 22.500000 25
111111111111111167816551519650457023713371916104430237840907968569560707995687441159357460900375570849428248934481785796438992988468548617600237568.000000 3.240904e-158 3.088185e-158 53.100000 27
1111111111111111855616375620236721250152226946201659398341052509747867890867567570929338308563795583052644480009750856197427431414514083230348476416.000000 1.260408e-158 1.103362e-158 11.700000 25
11111111111111117491458593659974306423411222751072451863818688153165114043211516753278800888277716583176272856107910572576049304966169249977408159744.000000 1.653947e-159 1.280753e-159 9.900000 77
111111111111111172075372169820028648025816102948206806319275316346814967457544076983415789689816527838828936710440177754031893025184434946904543985664.000000 4.772234e-161 4.430579e-161 11.700000 25
1111111111111111675326301429724855820925423036481784666090168120510770906982303321044202389810795070501348697494178929992661329860208228623132838068224.000000 1.807097e-161 1.476099e-161 9.900000 77
11111111111111115663004927853838222385268518532811045130439640174130618647587734439483091728011065715726910904296440958782830889202815385929425937760256.000000 3.875147e-163 3.750627e-163 53.100000 27
111111111111111165352113970085664910444570879984164863548092729989122909853759734562502374640885737071561717608127196316978568167222289061709478920978432.000000 3.996865e-163 3.015802e-163 9.900000 77
1111111111111111793074174765613172089915879914338519231380068551856296672583715588307767064181258649344298913123876550836189830075329053855738301903798272.000000 3.579131e-164 3.468232e-164 56.700000 29
11111111111111116814317467138079537015397430227410227546607555502842426133468209941615724099633376264413535234897928807030665113528441232648234917485871104.000000 5.680894e-165 4.295640e-165 9.900000 77
111111111111111162188911841951183722773913668055569130041045528277914711508714387728360192771377974755978264901828158996540074136751882694966892633247449088.000000 7.611375e-166 5.663168e-166 9.900000 77
1111111111111111812425528961259409943901076975548751954011416138795452709518110651293107470912364959980809447327117720325931205320559775158163535664034873344.000000 1.097116e-167 9.512540e-168 53.100000 32
11111111111111117362109647445603808574363008575515276925710317963889304717457239416893052536329308750123987280035832681817190197393433958747656919314107203584.000000 1.791550e-168 1.570883e-168 9.900000 77
111111111111111173621096474456038085743630085755152769257103179638893047174572394168930525363293087501239872800358326818171901973934339587476569193141072035840.000000 2.722903e-169 2.372810e-169 9.900000 77
1111111111111111638656322547185623626761387426515080637927339838108582007397068953396438415515255246252833007269459169437127422195386430392016451953651804536832.000000 5.383577e-170 4.020317e-170 9.900000 77
11111111111111116386563225471856236267613874265150806379273398381085820073970689533964384155152552462528330072694591694371274221953864303920164519536518045368320.000000 2.976365e-171 2.696857e-171 9.900000 77
111111111111111176352626455982531288202527661824173286787126554470742804176334733841130796830588005106507712980913801583020466705165134620993547912518321678843904.000000 5.237727e-172 4.046222e-172 9.900000 77
1111111111111111663630310949713561477814165264860411083916124979428351214270324630399412326073380207215281831777394938715742871166639413555600257387958086987153408.000000 2.094394e-173 2.076356e-173 0.900000 24
11111111111111118234638367258923637245519434302705259382443498838748741382591609632184453536453799573749543086281838620988817445826585058025366121675182946692104192.000000 2.479296e-174 1.899103e-174 9.900000 77
111111111111111169559701610494932192716172089794243405478176996031765579906809189696321893158778015724721632714755272339237064584984323200498752834387012852356481024.000000 2.448991e-175 2.070376e-175 9.900000 77
1111111111111111772317108477515147005595854417339289184859317914451986802582733336716354784822340037323859116035931406616277305089532396283516978638059028210952175616.000000 1.329611e-176 1.253471e-176 56.700000 29
11111111111111116086475780827080535049363695759593315740272156122987473284181649319096649645886122931603544997407235490719430987115288458226541513437893755445257961472.000000 6.778079e-178 6.500315e-178 56.700000 29
111111111111111157591367200374663480480447260768334005186079515186809943358525125094832700054186674432765357648168197756307625743592813573048158588493544501124052025344.000000 1.345304e-178 1.277187e-178 56.700000 29
1111111111111111549726547140577499844698955033062546834127658783523581117718920306179256629304470305261492837874448720355982784415447567656743533517852300584612299538432.000000 9.953513e-180 8.290350e-180 9.900000 77
11111111111111116335253467027187317170366112718490851308736951622260397284911793294402818172641389102732072014175951434186818980809853854927053010925183627498226058264576.000000 1.174987e-180 8.780961e-181 9.900000 77
111111111111111156648630705300574621916648628081985449347686605926407283987337211083146166689640402626383571058307800496852260714855513122393588703278551301765436079603712.000000 2.151390e-181 1.638165e-181 9.900000 77
1111111111111111512855075333235357820870386287996469983559402776894499328979126335944405546602216119056338517915464294208395174402610927808920355784999233231919764771700736.000000 2.151690e-182 1.716762e-182 9.900000 77
11111111111111116415700314606842899767810262707725928073613146545814757551253161956733402353082670963543317803177372000327010129928770160049576307796863047176827952301080576.000000 5.080221e-184 4.907316e-184 11.700000 25
111111111111111153859806655872514425205251428455169454831978515243189461420836430789019248434342631451593717039591887537325634212066414544812781078393664752907237086338220032.000000 2.257561e-184 1.962938e-184 9.900000 77
1111111111111111675894019761337338551690530266179558893708491155298002802097633491601056152296547356967129983625009974919182569950281306190567570778269523780552936685683343360.000000 6.108376e-185 4.784642e-185 9.900000 77
11111111111111115880246097116655341999222000379377257126597193134636935618485012140261034048065498897983665831583916712097897841393263233154061243818964829796053745594106118144.000000 1.351002e-186 1.297529e-186 11.700000 25
111111111111111158802460971166553419992220003793772571265971931346369356184850121402610340480654988979836658315839167120978978413932632331540612438189648297960537455941061181440.000000 3.981686e-187 3.330765e-187 9.900000 77
1111111111111111644261032143455488985053931384012498948530933292237651475607945871674073163200148268786375159457027385583801167058337512355509450075575229092211814320225160003584.000000 1.333787e-188 1.063262e-188 9.900000 77
11111111111111115092936183071595975007377761534330431824400197431801524825852786933189457430555121592151545763403016710861738480527106586592614684107462384219563588942702443495424.000000 8.126542e-189 6.048512e-189 9.900000 77
111111111111111161726754937619631068819070033789660779531275058242615167700341243600304767917122104687213104283368224268427570325721214161625985374260943095816072323503417687277568.000000 1.100166e-189 8.354958e-190 9.900000 77
1111111111111111530888404520966940138228360990325756105014565911029352321468905441855766130278653936746549869638977785405794219093610955250661145477118876929197231762423030854189056.000000 5.155837e-191 4.290220e-191 9.900000 77
11111111111111117151639135454562639781480182651435730443173598766758576132758536960366334345827971050144563724543472942665547186426268194972717231101653921909860135706601423605071872.000000 1.897368e-192 1.885088e-192 56.700000 29
111111111111111164145370993566053444218015535521644626859624229041725549655307439436428651286113983770729377132819949072225051882302047379862749205694678608627050084736529775797993472.000000 3.586229e-193 2.976377e-193 9.900000 77
1111111111111111759390035711333701699728736011099849109750030428431018883309521277040041587615791465398753933130035976393137238534390626916458261742096555853815321204637049122023538688.000000 2.872064e-194 2.146650e-194 9.900000 77
11111111111111117593900357113337016997287360110998491097500304284310188833095212770400415876157914653987539331300359763931372385343906269164582617420965558538153212046370491220235386880.000000 3.547445e-195 3.112460e-195 9.900000 77
111111111111111175939003571133370169972873601109984910975003042843101888330952127704004158761579146539875393313003597639313723853439062691645826174209655585381532120463704912202353868800.000000 6.316824e-196 5.231733e-196 9.900000 77
1111111111111111759390035711333701699728736011099849109750030428431018883309521277040041587615791465398753933130035976393137238534390626916458261742096555853815321204637049122023538688000.000000 6.663180e-197 5.468004e-197 9.900000 77
11111111111111115661631595604707844649611414645004818948036639431092689504477587044640844731377702385890656040339070782699564369592817680482043286899471730666698875312830116871744979468288.000000 5.742848e-198 4.620130e-198 9.900000 77
111111111111111172074466048116111825277521710177997566676075713136666889673716876252485016472018722003681626731081019676850107821936885514280747513166667929638623446996624163505373053976576.000000 3.348190e-199 2.726800e-199 9.900000 77
1111111111111111658912060112884984737649586846868178157977919856063708918221404739300543888087220427457716002000048949369083221715334020304966216554978876804499695694492949655902037502590976.000000 9.939038e-201 9.938827e-201 4.500000 72
11111111111111116094459798182640779255490826429387401509516500358213409354087935207210988667808469933944357897514399514495489365121061524346932096936286348109904646741143160725806830728511488.000000 5.099768e-201 4.088689e-201 9.900000 77
111111111111111164901884405396080337522948600608229055657266589201523532165888249558465488382594574064505995955032714978517636467468844673091161518270882840579784949041722293923776661664301056.000000 4.558659e-202 3.708726e-202 9.900000 77
1111111111111111775652009608190324814206776768141651854559916631835697357659167215148034138370261731847057302906766184459184134794951788478810512747765447909181480902586524912540433956776968192.000000 1.903351e-203 1.428551e-203 9.900000 77
11111111111111117249987433864985162386158604633179073353650163359075125432590533273226824365525353353662583655641905705895810267468464517796509537217428001078280283377188041232193670207233851392.000000 3.589933e-204 2.802228e-204 9.900000 77
111111111111111164395351743179162251767039437559991610465317586242241684021887110680211971364417310099698006581606958839821605386987791306099565928010656362566250423393045086030565992303765225472.000000 2.083901e-205 1.776845e-205 9.900000 77
1111111111111111546699246286143350052535835070338326627798967294240301996570652442177444446154138419753846106118324409768578086417515666598609305950143079847063875309384426944809211405814772793344.000000 3.477031e-206 3.255178e-206 9.900000 77
11111111111111114948303016751309380711307367741988122401433893912098407466249358210442843034927865897575079942795269811661045037762558018186699175074958884984779398829598808565444388632959037472768.000000 4.585648e-207 3.957647e-207 9.900000 77
111111111111111137034483460870114931575850086346397770977000242393673374675521593032469996110554219776629652586641315252016790543723212634681538524514262926187169485954097024470898476125061803671552.000000 1.579568e-208 1.330443e-208 9.900000 77
1111111111111111469933208261844980320056289592051845334068711997755219346650991842900367435015337711359265700596904215436917184108451066724299011055025236651156690878276098734177348042886846605164544.000000 2.995455e-209 2.567815e-209 9.900000 77
11111111111111115496039071843600451234945205749221394335076796568100078265676125729609014141431741222336410403812970657703166070454262190262859117029313225625846876932642015257520386681958294599237632.000000 6.680501e-210 5.527601e-210 9.900000 77
111111111111111103971143408026363038148984228455225719709828663885936155510123990057348394772502109263763886576118282363656030024878524429356974755633237272944550807734034365967401866621833918946476032.000000 4.736541e-210 3.732684e-210 9.900000 77
211111111111111100944455629277399204096434556000728082358070414836283003945678065591544733177208361131791398992092164771838165759246802913996359796680477150815574398800824347778583679928001047801364480.000000 1.040708e-210 9.247623e-211 11.700000 25
311111111111111131910599390801529686177530102904222594100271700316672937145656985951568902676458148306219056382740329988937388613391146380816822447500980350895876630929204853994966826699334194686853120.000000 6.397444e-210 4.760692e-210 9.900000 77
411111111111111094891080071779471535991335211091732807654553916736976700816786216659937409986620864867846423824039929588202437227983359883275129878774956906557621580934404311400947306540335305511141376.000000 9.898992e-210 7.368440e-210 9.900000 77
511111111111111057871560752757413385805140319279243021208836133157280464487915447368305917296783581429473791265339529187467485842575573385733437310048933462219366530939603768806927786381336416335429632.000000 3.581483e-210 2.676900e-210 9.900000 77
611111111111111020852041433735355235618945427466753234763118349577584228159044678076674424606946297991101158706639128786732534457167786888191744741322910017881111480944803226212908266222337527159717888.000000 5.300644e-210 4.446531e-210 9.900000 77
711111111111110983832522114713297085432750535654263448317400565997887991830173908785042931917109014552728526147938728385997583071760000390650052172596886573542856430950002683618888746063338637984006144.000000 6.546906e-210 5.295342e-210 9.900000 77
811111111111110946813002795691238935246555643841773661871682782418191755501303139493411439227271731114355893589238327985262631686352213893108359603870863129204601380955202141024869225904339748808294400.000000 1.143511e-210 1.096954e-210 9.900000 77
911111111111110909793483476669180785060360752029283875425964998838495519172432370201779946537434447675983261030537927584527680300944427395566667035144839684866346330960401598430849705745340859632582656.000000 3.616410e-210 2.713968e-210 9.900000 77
1011111111111110872773964157647122634874165860216794088980247215258799282843561600910148453847597164237610628471837527183792728915536640898024974466418816240528091280965601055836830185586341970456870912.000000 1.527252e-210 1.186832e-210 9.900000 77
1111111111111110835754444838625064484687970968404304302534529431679103046514690831618516961157759880799237995913137126783057777530128854400483281897692792796189836230970800513242810665427343081281159168.000000 2.171780e-210 1.895266e-210 9.900000 77
1211111111111110798734925519603006334501776076591814516088811648099406810185820062326885468467922597360865363354436726382322826144721067902941589328966769351851581180975999970648791145268344192105447424.000000 7.721882e-210 5.865878e-210 9.900000 77
1311111111111110897686732361673325448850162062211293326018932002639882912914648672338565300156259455148093310694433457217256223238417541334124207199333799196350440695227561525675576958970009375052136448.000000 3.031656e-210 2.634395e-210 9.900000 77
1411111111111110996638539203743644563198548047830772135949052357180359015643477282350245131844596312935321258034430188052189620332114014765306825069700829040849300209479123080702362772671674557998825472.000000 2.808062e-210 2.429768e-210 9.900000 77
1511111111111111095590346045813963677546934033450250945879172711720835118372305892361924963532933170722549205374426918887123017425810488196489442940067858885348159723730684635729148586373339740945514496.000000 2.936790e-210 2.395256e-210 9.900000 77
1611111111111111194542152887884282791895320019069729755809293066261311221101134502373604795221270028509777152714423649722056414519506961627672060810434888729847019237982246190755934400075004923892203520.000000 2.736618e-210 2.044236e-210 9.900000 77
1711111111111111293493959729954601906243706004689208565739413420801787323829963112385284626909606886297005100054420380556989811613203435058854678680801918574345878752233807745782720213776670106838892544.000000 1.167507e-209 9.264342e-210 9.900000 77
1811111111111111392445766572024921020592091990308687375669533775342263426558791722396964458597943744084233047394417111391923208706899908490037296551168948418844738266485369300809506027478335289785581568.000000 1.028849e-209 7.878240e-210 9.900000 77
1911111111111111491397573414095240134940477975928166185599654129882739529287620332408644290286280601871460994734413842226856605800596381921219914421535978263343597780736930855836291841180000472732270592.000000 2.759905e-210 2.695749e-210 53.100000 27
2011111111111111590349380256165559249288863961547644995529774484423215632016448942420324121974617459658688942074410573061790002894292855352402532291903008107842457294988492410863077654881665655678959616.000000 1.967819e-210 1.801111e-210 9.900000 77
2111111111111111689301187098235878363637249947167123805459894838963691734745277552432003953662954317445916889414407303896723399987989328783585150162270037952341316809240053965889863468583330838625648640.000000 5.898199e-211 5.887974e-211 24.300000 25
2211111111111111788252993940306197477985635932786602615390015193504167837474106162443683785351291175233144836754404034731656797081685802214767768032637067796840176323491615520916649282284996021572337664.000000 2.364191e-210 1.916290e-210 9.900000 77
2311111111111111887204800782376516592334021918406081425320135548044643940202934772455363617039628033020372784094400765566590194175382275645950385903004097641339035837743177075943435095986661204519026688.000000 6.388399e-210 4.807647e-210 9.900000 77
2411111111111111986156607624446835706682407904025560235250255902585120042931763382467043448727964890807600731434397496401523591269078749077133003773371127485837895351994738630970220909688326387465715712.000000 6.262251e-210 4.710421e-210 9.900000 77
2511111111111112085108414466517154821030793889645039045180376257125596145660591992478723280416301748594828678774394227236456988362775222508315621643738157330336754866246300185997006723389991570412404736.000000 2.414043e-210 2.411557e-210 4.500000 72
2611111111111112184060221308587473935379179875264517855110496611666072248389420602490403112104638606382056626114390958071390385456471695939498239514105187174835614380497861741023792537091656753359093760.000000 3.564016e-210 2.658127e-210 9.900000 77
2711111111111112283012028150657793049727565860883996665040616966206548351118249212502082943792975464169284573454387688906323782550168169370680857384472217019334473894749423296050578350793321936305782784.000000 5.402550e-211 4.102433e-211 9.900000 77
2811111111111112381963834992728112164075951846503475474970737320747024453847077822513762775481312321956512520794384419741257179643864642801863475254839246863833333409000984851077364164494987119252471808.000000 2.570382e-210 2.008718e-210 9.900000 77
2911111111111112480915641834798431278424337832122954284900857675287500556575906432525442607169649179743740468134381150576190576737561116233046093125206276708332192923252546406104149978196652302199160832.000000 2.064924e-210 2.013204e-210 0.900000 24
3011111111111112579867448676868750392772723817742433094830978029827976659304735042537122438857986037530968415474377881411123973831257589664228710995573306552831052437504107961130935791898317485145849856.000000 6.423396e-210 4.781370e-210 9.900000 77
3111111111111112678819255518939069507121109803361911904761098384368452762033563652548802270546322895318196362814374612246057370924954063095411328865940336397329911951755669516157721605599982668092538880.000000 3.715246e-210 2.810499e-210 9.900000 77
3211111111111112777771062361009388621469495788981390714691218738908928864762392262560482102234659753105424310154371343080990768018650536526593946736307366241828771466007231071184507419301647851039227904.000000 1.894920e-210 1.698916e-210 9.900000 77
3311111111111112876722869203079707735817881774600869524621339093449404967491220872572161933922996610892652257494368073915924165112347009957776564606674396086327630980258792626211293233003313033985916928.000000 1.757720e-210 1.693189e-210 9.900000 77
3411111111111112975674676045150026850166267760220348334551459447989881070220049482583841765611333468679880204834364804750857562206043483388959182477041425930826490494510354181238079046704978216932605952.000000 5.486366e-210 4.263270e-210 9.900000 77
3511111111111113074626482887220345964514653745839827144481579802530357172948878092595521597299670326467108152174361535585790959299739956820141800347408455775325350008761915736264864860406643399879294976.000000 6.037939e-210 4.728438e-210 9.900000 77
3611111111111113173578289729290665078863039731459305954411700157070833275677706702607201428988007184254336099514358266420724356393436430251324418217775485619824209523013477291291650674108308582825984000.000000 8.867383e-211 6.766276e-211 9.900000 77
3711111111111113272530096571360984193211425717078784764341820511611309378406535312618881260676344042041564046854354997255657753487132903682507036088142515464323069037265038846318436487809973765772673024.000000 1.583889e-211 1.434408e-211 17.100000 25
3811111111111113371481903413431303307559811702698263574271940866151785481135363922630561092364680899828791994194351728090591150580829377113689653958509545308821928551516600401345222301511638948719362048.000000 3.061626e-210 2.967838e-210 0.900000 36
3911111111111113470433710255501622421908197688317742384202061220692261583864192532642240924053017757616019941534348458925524547674525850544872271828876575153320788065768161956372008115213304131666051072.000000 2.673022e-210 2.251400e-210 0.900000 36
4011111111111113569385517097571941536256583673937221194132181575232737686593021142653920755741354615403247888874345189760457944768222323976054889699243604997819647580019723511398793928914969314612740096.000000 4.650618e-210 3.849399e-210 9.900000 77
4111111111111113668337323939642260650604969659556700004062301929773213789321849752665600587429691473190475836214341920595391341861918797407237507569610634842318507094271285066425579742616634497559429120.000000 5.074028e-210 4.068310e-210 9.900000 77
4211111111111113767289130781712579764953355645176178813992422284313689892050678362677280419118028330977703783554338651430324738955615270838420125439977664686817366608522846621452365556318299680506118144.000000 2.570928e-210 1.931915e-210 9.900000 77
4311111111111113866240937623782898879301741630795657623922542638854165994779506972688960250806365188764931730894335382265258136049311744269602743310344694531316226122774408176479151370019964863452807168.000000 2.816295e-210 2.138597e-210 9.900000 77
4411111111111113965192744465853217993650127616415136433852662993394642097508335582700640082494702046552159678234332113100191533143008217700785361180711724375815085637025969731505937183721630046399496192.000000 7.545999e-210 5.833900e-210 9.900000 77
4511111111111114064144551307923537107998513602034615243782783347935118200237164192712319914183038904339387625574328843935124930236704691131967979051078754220313945151277531286532722997423295229346185216.000000 2.991422e-210 2.427444e-210 9.900000 77
4611111111111114163096358149993856222346899587654094053712903702475594302965992802723999745871375762126615572914325574770058327330401164563150596921445784064812804665529092841559508811124960412292874240.000000 5.304877e-211 4.391957e-211 53.100000 32
4711111111111114262048164992064175336695285573273572863643024057016070405694821412735679577559712619913843520254322305604991724424097637994333214791812813909311664179780654396586294624826625595239563264.000000 1.533554e-210 1.359970e-210 11.700000 25
4811111111111114360999971834134494451043671558893051673573144411556546508423650022747359409248049477701071467594319036439925121517794111425515832662179843753810523694032215951613080438528290778186252288.000000 1.990057e-210 1.765205e-210 9.900000 77
4911111111111113916066474031835304507253734034784656097999912213616333254921681115545793943423689770585897095339527242332185124695073545141801208776174660442960924951298329116156644916787299672643338240.000000 2.161605e-210 1.662911e-210 9.900000 77
5011111111111113471132976229536114563463796510676260522426680015676120001419712208344228477599330063470722723084735448224445127872352978858086584890169477132111326208564442280700209395046308567100424192.000000 3.670832e-210 3.138011e-210 9.900000 77
5111111111111113026199478427236924619673858986567864946853447817735906747917743301142663011774970356355548350829943654116705131049632412574371961004164293821261727465830555445243773873305317461557510144.000000 6.614566e-210 5.236169e-210 9.900000 77
5211111111111112581265980624937734675883921462459469371280215619795693494415774393941097545950610649240373978575151860008965134226911846290657337118159110510412128723096668609787338351564326356014596096.000000 1.839973e-210 1.402987e-210 9.900000 77
5311111111111112136332482822638544732093983938351073795706983421855480240913805486739532080126250942125199606320360065901225137404191280006942713232153927199562529980362781774330902829823335250471682048.000000 4.252220e-210 3.269634e-210 9.900000 77
5411111111111111691398985020339354788304046414242678220133751223915266987411836579537966614301891235010025234065568271793485140581470713723228089346148743888712931237628894938874467308082344144928768000.000000 2.863377e-210 2.188116e-210 9.900000 77
5511111111111111246465487218040164844514108890134282644560519025975053733909867672336401148477531527894850861810776477685745143758750147439513465460143560577863332494895008103418031786341353039385853952.000000 2.866586e-210 2.312681e-210 9.900000 77
5611111111111110801531989415740974900724171366025887068987286828034840480407898765134835682653171820779676489555984683578005146936029581155798841574138377267013733752161121267961596264600361933842939904.000000 2.676983e-210 2.161670e-210 9.900000 77
5711111111111110356598491613441784956934233841917491493414054630094627226905929857933270216828812113664502117301192889470265150113309014872084217688133193956164135009427234432505160742859370828300025856.000000 7.003966e-210 5.257922e-210 9.900000 77
5811111111111109911664993811142595013144296317809095917840822432154413973403960950731704751004452406549327745046401095362525153290588448588369593802128010645314536266693347597048725221118379722757111808.000000 1.028979e-209 7.803324e-210 9.900000 77
5911111111111109466731496008843405069354358793700700342267590234214200719901992043530139285180092699434153372791609301254785156467867882304654969916122827334464937523959460761592289699377388617214197760.000000 4.703481e-210 3.851110e-210 9.900000 77
6011111111111109021797998206544215125564421269592304766694358036273987466400023136328573819355732992318979000536817507147045159645147316020940346030117644023615338781225573926135854177636397511671283712.000000 1.491902e-210 1.446489e-210 56.700000 29
6111111111111108576864500404245025181774483745483909191121125838333774212898054229127008353531373285203804628282025713039305162822426749737225722144112460712765740038491687090679418655895406406128369664.000000 9.972488e-211 7.540652e-211 9.900000 77
6211111111111108131931002601945835237984546221375513615547893640393560959396085321925442887707013578088630256027233918931565165999706183453511098258107277401916141295757800255222983134154415300585455616.000000 2.415276e-210 2.151531e-210 9.900000 77
6311111111111107686997504799646645294194608697267118039974661442453347705894116414723877421882653870973455883772442124823825169176985617169796474372102094091066542553023913419766547612413424195042541568.000000 1.281872e-210 1.057339e-210 9.900000 77
6411111111111107242064006997347455350404671173158722464401429244513134452392147507522311956058294163858281511517650330716085172354265050886081850486096910780216943810290026584310112090672433089499627520.000000 1.792300e-210 1.375618e-210 9.900000 77
6511111111111106797130509195048265406614733649050326888828197046572921198890178600320746490233934456743107139262858536608345175531544484602367226600091727469367345067556139748853676568931441983956713472.000000 1.508765e-210 1.227271e-210 11.700000 25
6611111111111106352197011392749075462824796124941931313254964848632707945388209693119181024409574749627932767008066742500605178708823918318652602714086544158517746324822252913397241047190450878413799424.000000 2.780684e-210 2.288918e-210 9.900000 77
6711111111111105907263513590449885519034858600833535737681732650692494691886240785917615558585215042512758394753274948392865181886103352034937978828081360847668147582088366077940805525449459772870885376.000000 1.017446e-210 9.823360e-211 56.700000 29
6811111111111105462330015788150695575244921076725140162108500452752281438384271878716050092760855335397584022498483154285125185063382785751223354942076177536818548839354479242484370003708468667327971328.000000 1.831893e-210 1.647578e-210 9.900000 77
6911111111111105017396517985851505631454983552616744586535268254812068184882302971514484626936495628282409650243691360177385188240662219467508731056070994225968950096620592407027934481967477561785057280.000000 6.000074e-210 4.486727e-210 9.900000 77
7011111111111104572463020183552315687665046028508349010962036056871854931380334064312919161112135921167235277988899566069645191417941653183794107170065810915119351353886705571571498960226486456242143232.000000 5.263250e-210 3.915675e-210 9.900000 77
7111111111111104127529522381253125743875108504399953435388803858931641677878365157111353695287776214052060905734107771961905194595221086900079483284060627604269752611152818736115063438485495350699229184.000000 2.084959e-210 1.639809e-210 9.900000 77
7211111111111103682596024578953935800085170980291557859815571660991428424376396249909788229463416506936886533479315977854165197772500520616364859398055444293420153868418931900658627916744504245156315136.000000 2.787947e-210 2.102678e-210 9.900000 77
7311111111111103237662526776654745856295233456183162284242339463051215170874427342708222763639056799821712161224524183746425200949779954332650235512050260982570555125685045065202192395003513139613401088.000000 4.769074e-210 3.673994e-210 9.900000 77
7411111111111102792729028974355555912505295932074766708669107265111001917372458435506657297814697092706537788969732389638685204127059388048935611626045077671720956382951158229745756873262522034070487040.000000 3.489968e-210 2.610402e-210 9.900000 77
7511111111111102347795531172056365968715358407966371133095875067170788663870489528305091831990337385591363416714940595530945207304338821765220987740039894360871357640217271394289321351521530928527572992.000000 1.209191e-210 1.143158e-210 9.900000 77
7611111111111101902862033369757176024925420883857975557522642869230575410368520621103526366165977678476189044460148801423205210481618255481506363854034711050021758897483384558832885829780539822984658944.000000 2.246443e-210 1.675453e-210 9.900000 77
7711111111111101457928535567457986081135483359749579981949410671290362156866551713901960900341617971361014672205357007315465213658897689197791739968029527739172160154749497723376450308039548717441744896.000000 3.161857e-210 2.684400e-210 9.900000 77
7811111111111101012995037765158796137345545835641184406376178473350148903364582806700395434517258264245840299950565213207725216836177122914077116082024344428322561412015610887920014786298557611898830848.000000 3.817226e-210 2.954301e-210 9.900000 77
7911111111111100568061539962859606193555608311532788830802946275409935649862613899498829968692898557130665927695773419099985220013456556630362492196019161117472962669281724052463579264557566506355916800.000000 8.090269e-210 6.021627e-210 9.900000 77
8011111111111100123128042160560416249765670787424393255229714077469722396360644992297264502868538850015491555440981624992245223190735990346647868310013977806623363926547837217007143742816575400813002752.000000 6.880287e-210 5.123384e-210 9.900000 77
8111111111111099678194544358261226305975733263315997679656481879529509142858676085095699037044179142900317183186189830884505226368015424062933244424008794495773765183813950381550708221075584295270088704.000000 2.596698e-210 2.594000e-210 6.300000 72
8211111111111099233261046555962036362185795739207602104083249681589295889356707177894133571219819435785142810931398036776765229545294857779218620538003611184924166441080063546094272699334593189727174656.000000 2.729357e-210 2.100645e-210 9.900000 77
8311111111111098788327548753662846418395858215099206528510017483649082635854738270692568105395459728669968438676606242669025232722574291495503996651998427874074567698346176710637837177593602084184260608.000000 7.503166e-211 6.067617e-211 9.900000 77
8411111111111098343394050951363656474605920690990810952936785285708869382352769363491002639571100021554794066421814448561285235899853725211789372765993244563224968955612289875181401655852610978641346560.000000 1.203029e-210 1.115062e-210 11.700000 25
8511111111111097898460553149064466530815983166882415377363553087768656128850800456289437173746740314439619694167022654453545239077133158928074748879988061252375370212878403039724966134111619873098432512.000000 3.920429e-210 3.221499e-210 9.900000 77
8611111111111097453527055346765276587026045642774019801790320889828442875348831549087871707922380607324445321912230860345805242254412592644360124993982877941525771470144516204268530612370628767555518464.000000 3.132872e-210 2.540985e-210 9.900000 77
8711111111111097008593557544466086643236108118665624226217088691888229621846862641886306242098020900209270949657439066238065245431692026360645501107977694630676172727410629368812095090629637662012604416.000000 1.535783e-210 1.261366e-210 9.900000 77
8811111111111096563660059742166896699446170594557228650643856493948016368344893734684740776273661193094096577402647272130325248608971460076930877221972511319826573984676742533355659568888646556469690368.000000 1.322882e-210 1.026017e-210 9.900000 77
8911111111111096118726561939867706755656233070448833075070624296007803114842924827483175310449301485978922205147855478022585251786250893793216253335967328008976975241942855697899224047147655450926776320.000000 4.821743e-210 3.881701e-210 9.900000 77
9011111111111095673793064137568516811866295546340437499497392098067589861340955920281609844624941778863747832893063683914845254963530327509501629449962144698127376499208968862442788525406664345383862272.000000 1.386364e-209 1.052218e-209 9.900000 77
9111111111111095228859566335269326868076358022232041923924159900127376607838987013080044378800582071748573460638271889807105258140809761225787005563956961387277777756475082026986353003665673239840948224.000000 3.794236e-210 3.793402e-210 0.900000 72
9211111111111094783926068532970136924286420498123646348350927702187163354337018105878478912976222364633399088383480095699365261318089194942072381677951778076428179013741195191529917481924682134298034176.000000 8.933258e-211 7.413000e-211 9.900000 77
9311111111111094338992570730670946980496482974015250772777695504246950100835049198676913447151862657518224716128688301591625264495368628658357757791946594765578580271007308356073481960183691028755120128.000000 8.655176e-210 6.508595e-210 9.900000 77
9411111111111093894059072928371757036706545449906855197204463306306736847333080291475347981327502950403050343873896507483885267672648062374643133905941411454728981528273421520617046438442699923212206080.000000 4.783104e-210 3.887805e-210 9.900000 77
9511111111111093449125575126072567092916607925798459621631231108366523593831111384273782515503143243287875971619104713376145270849927496090928510019936228143879382785539534685160610916701708817669292032.000000 6.060238e-210 4.617921e-210 9.900000 77
9611111111111093004192077323773377149126670401690064046057998910426310340329142477072217049678783536172701599364312919268405274027206929807213886133931044833029784042805647849704175394960717712126377984.000000 9.859992e-211 9.792122e-211 20.700000 25
9711111111111092559258579521474187205336732877581668470484766712486097086827173569870651583854423829057527227109521125160665277204486363523499262247925861522180185300071761014247739873219726606583463936.000000 8.276743e-211 8.265858e-211 22.500000 25
9811111111111093202095691007914015377823442372929021665918239619507262545786799697095576713055457251747157494044306380938272068214599876669579121874665104522027503071308770959757747022364048078019756032.000000 3.055203e-210 2.630293e-210 9.900000 77
9911111111111093844932802494353843550310151868276374861351712526528428004746425824320501842256490674436787760979091636715878859224713389815658981501404347521874820842545780905267754171508369549456048128.000000 1.961510e-210 1.695085e-210 9.900000 77
10011111111111094487769913980793671722796861363623728056785185433549593463706051951545426971457524097126418027913876892493485650234826902961738841128143590521722138613782790850777761320652691020892340224.000000 2.691571e-210 2.246867e-210 9.900000 77
