100.00	2.145860e-010	2.145860e-010	0.721852
102.33	2.140295e-010	2.140295e-010	0.721977
104.71	2.133938e-010	2.133938e-010	0.722100
107.15	2.127274e-010	2.127274e-010	0.722035
109.65	2.119274e-010	2.119274e-010	0.722099
112.20	2.110351e-010	2.110351e-010	0.722182
114.82	2.100964e-010	2.100964e-010	0.722116
117.49	2.090400e-010	2.090400e-010	0.722112
120.23	2.078837e-010	2.078837e-010	0.722137
123.03	2.066727e-010	2.066727e-010	0.722035
125.89	2.053545e-010	2.053545e-010	0.721952
128.82	2.039328e-010	2.039328e-010	0.721903
131.83	2.024510e-010	2.024510e-010	0.721738
134.90	2.008747e-010	2.008747e-010	0.721551
138.04	1.991889e-010	1.991889e-010	0.721422
141.25	1.974426e-010	1.974426e-010	0.721181
144.54	1.956115e-010	1.956115e-010	0.720894
147.91	1.936730e-010	1.936730e-010	0.720663
151.36	1.916727e-010	1.916727e-010	0.720332
154.88	1.895951e-010	1.895951e-010	0.719944
158.49	1.874219e-010	1.874219e-010	0.719586
162.18	1.851844e-010	1.851844e-010	0.719155
165.96	1.828796e-010	1.828796e-010	0.718656
169.82	1.804914e-010	1.804914e-010	0.718163
173.78	1.780389e-010	1.780389e-010	0.717621
177.83	1.755300e-010	1.755300e-010	0.716996
181.97	1.729476e-010	1.729476e-010	0.716368
186.21	1.703079e-010	1.703079e-010	0.715694
190.55	1.676209e-010	1.676209e-010	0.714936
194.98	1.648726e-010	1.648726e-010	0.714166
199.53	1.620756e-010	1.620756e-010	0.713353
204.17	1.592415e-010	1.592415e-010	0.712456
208.93	1.563587e-010	1.563587e-010	0.711537
213.80	1.534374e-010	1.534374e-010	0.710573
218.78	1.504876e-010	1.504876e-010	0.709532
223.87	1.475029e-010	1.475029e-010	0.708454
229.09	1.444900e-010	1.444900e-010	0.707331
234.42	1.414584e-010	1.414584e-010	0.706136
239.88	1.384053e-010	1.384053e-010	0.704894
245.47	1.353358e-010	1.353358e-010	0.703605
251.19	1.322578e-010	1.322578e-010	0.702249
257.04	1.291714e-010	1.291714e-010	0.700838
263.03	1.260795e-010	1.260795e-010	0.699381
269.15	1.229895e-010	1.229895e-010	0.697856
275.42	1.199027e-010	1.199027e-010	0.696272
281.84	1.168210e-010	1.168210e-010	0.694639
288.40	1.137509e-010	1.137509e-010	0.692939
295.12	1.106943e-010	1.106943e-010	0.691177
302.00	1.076533e-010	1.076533e-010	0.689359
309.03	1.046330e-010	1.046330e-010	0.687478
316.23	1.016359e-010	1.016359e-010	0.685530
323.59	9.866397e-011	9.866397e-011	0.683526
331.13	9.572115e-011	9.572115e-011	0.681457
338.84	9.281045e-011	9.281045e-011	0.679322
346.74	8.993328e-011	8.993328e-011	0.677127
354.81	8.709270e-011	8.709270e-011	0.674870
363.08	8.453839e-011	8.453839e-011	0.672077
371.54	8.119714e-011	8.119714e-011	0.670794
380.19	7.790827e-011	7.790827e-011	0.669440
389.05	7.467484e-011	7.467484e-011	0.668016
398.11	7.150058e-011	7.150058e-011	0.666516
407.38	6.838802e-011	6.838802e-011	0.664941
416.87	6.560499e-011	6.560499e-011	0.662766
426.58	6.290556e-011	6.290556e-011	0.660470
436.52	6.026720e-011	6.026720e-011	0.658098
446.68	5.769123e-011	5.769123e-011	0.655651
457.09	5.537647e-011	5.537647e-011	0.652722
467.74	5.319009e-011	5.319009e-011	0.649575
478.63	5.105941e-011	5.105941e-011	0.646359
489.78	4.898492e-011	4.898492e-011	0.643070
501.19	4.696669e-011	4.696669e-011	0.639713
512.86	4.500493e-011	4.500493e-011	0.636286
524.81	4.309971e-011	4.309971e-011	0.632789
537.03	4.125080e-011	4.125080e-011	0.629224
549.54	3.945817e-011	3.945817e-011	0.625590
562.34	3.771081e-011	3.771081e-011	0.621910
575.44	3.601008e-011	3.601008e-011	0.618185
588.84	3.436546e-011	3.436546e-011	0.614392
602.56	3.277634e-011	3.277634e-011	0.610527
616.60	3.124181e-011	3.124181e-011	0.606595
630.96	2.976131e-011	2.976131e-011	0.602599
645.65	2.833426e-011	2.833425e-011	0.598528
660.69	2.695935e-011	2.695934e-011	0.594388
676.08	2.563570e-011	2.563569e-011	0.590185
691.83	2.436274e-011	2.436273e-011	0.585914
707.95	2.310483e-011	2.310483e-011	0.581659
724.44	2.191594e-011	2.191593e-011	0.577280
741.31	2.081945e-011	2.081943e-011	0.572717
758.58	1.976731e-011	1.976729e-011	0.568091
776.25	1.875814e-011	1.875813e-011	0.563394
794.33	1.779058e-011	1.779057e-011	0.558629
812.83	1.686359e-011	1.686357e-011	0.553802
831.76	1.591675e-011	1.591672e-011	0.549082
851.14	1.504761e-011	1.504758e-011	0.544185
870.96	1.419464e-011	1.419461e-011	0.539276
891.25	1.342532e-011	1.342528e-011	0.534167
912.01	1.263588e-011	1.263583e-011	0.529152
933.25	1.191632e-011	1.191624e-011	0.523980
954.99	1.122373e-011	1.122359e-011	0.518756
977.24	1.055360e-011	1.055340e-011	0.513481
1000.00	9.946963e-012	9.946739e-012	0.508046
1023.29	9.335260e-012	9.335044e-012	0.502637
1047.13	8.785980e-012	8.785775e-012	0.497088
1071.52	8.233514e-012	8.233308e-012	0.491556
1096.48	7.712241e-012	7.712021e-012	0.485941
1122.02	7.220560e-012	7.220294e-012	0.480238
1148.15	6.757067e-012	6.756678e-012	0.474448
1174.90	6.333243e-012	6.332714e-012	0.468560
1202.26	5.936963e-012	5.936359e-012	0.462610
1230.27	5.539565e-012	5.538883e-012	0.456643
1258.93	5.166086e-012	5.165281e-012	0.450607
1288.25	4.813362e-012	4.812356e-012	0.444498
1318.26	4.495155e-012	4.493806e-012	0.438305
1348.96	4.194135e-012	4.192214e-012	0.432045
1380.38	3.898957e-012	3.895754e-012	0.425719
1412.54	3.622757e-012	3.616464e-012	0.419329
1445.44	3.378439e-012	3.369359e-012	0.412901
1479.11	3.138710e-012	3.128701e-012	0.406414
1513.56	2.912251e-012	2.901510e-012	0.399863
1548.82	2.715269e-012	2.703077e-012	0.393294
1584.89	2.507901e-012	2.493709e-012	0.386581
1621.81	2.325712e-012	2.308832e-012	0.379849
1659.59	2.166016e-012	2.145794e-012	0.373128
1698.24	2.012790e-012	1.988830e-012	0.366353
1737.80	1.864641e-012	1.836214e-012	0.359509
1778.28	1.727327e-012	1.693853e-012	0.352636
1819.70	1.603666e-012	1.566371e-012	0.345785
1862.09	1.489749e-012	1.445765e-012	0.338872
1905.46	1.393430e-012	1.330728e-012	0.331852
1949.84	1.301130e-012	1.224478e-012	0.324796
1995.26	1.202014e-012	1.123924e-012	0.317677
2041.74	1.110083e-012	1.031382e-012	0.310527
2089.30	1.025779e-012	9.455869e-013	0.303345
2137.96	9.458834e-013	8.623325e-013	0.296054
2187.76	8.734000e-013	7.850647e-013	0.288752
2238.72	8.075457e-013	7.129398e-013	0.281437
2290.87	7.506690e-013	6.473699e-013	0.274171
2344.23	6.988294e-013	5.845629e-013	0.266837
2398.83	6.588327e-013	5.277894e-013	0.259541
2454.71	6.287889e-013	4.714972e-013	0.252045
2511.89	6.048753e-013	4.159818e-013	0.244311
2570.40	5.763255e-013	3.605453e-013	0.236251
2630.27	5.441915e-013	3.122569e-013	0.228243
2691.53	5.174156e-013	2.646218e-013	0.219873
2754.23	9.312431e-013	2.058288e-013	0.209521
2818.38	2.163650e-012	1.787413e-013	0.200077
2884.03	3.305422e-012	1.741621e-013	0.192460
2951.21	3.791278e-012	1.765068e-013	0.186768
3019.95	4.137306e-012	1.710338e-013	0.180690
3090.30	4.542385e-012	1.648278e-013	0.174458
3162.28	5.032215e-012	1.634780e-013	0.168595
3235.94	5.398938e-012	1.657111e-013	0.163491
3311.31	5.669691e-012	1.694496e-013	0.158893
3388.44	5.643274e-012	1.720126e-013	0.155021
3467.37	5.521524e-012	1.724716e-013	0.151260
3548.13	5.121812e-012	1.695734e-013	0.147848
3630.78	4.603750e-012	1.598283e-013	0.143844
3715.35	4.224107e-012	1.473666e-013	0.139109
3801.89	3.957953e-012	1.346287e-013	0.134045
3890.45	3.812711e-012	1.232598e-013	0.128929
3981.07	3.693504e-012	1.145038e-013	0.124165
4073.80	3.533167e-012	1.063162e-013	0.119578
4168.69	3.325371e-012	9.770403e-014	0.115004
4265.80	3.009703e-012	8.803684e-014	0.110377
4365.16	2.998714e-012	7.686181e-014	0.105107
4466.84	3.080841e-012	7.043538e-014	0.100628
4570.88	3.042598e-012	6.532088e-014	0.096595
4677.35	2.907530e-012	5.948803e-014	0.092579
4786.30	2.794679e-012	5.338547e-014	0.088522
4897.79	2.762539e-012	4.698350e-014	0.084352
5011.87	2.817947e-012	4.140377e-014	0.080313
5128.61	2.949131e-012	3.675208e-014	0.076453
5248.07	3.153748e-012	3.315698e-014	0.072820
5370.32	3.449050e-012	3.051408e-014	0.069379
5495.41	3.851363e-012	2.959054e-014	0.066318
5623.41	4.224291e-012	3.044955e-014	0.063832
5754.40	4.343127e-012	3.135934e-014	0.061782
5888.44	4.017551e-012	3.236753e-014	0.060455
6025.60	3.462067e-012	3.007823e-014	0.058526
6165.95	2.733164e-012	2.619873e-014	0.056219
6309.57	2.324768e-012	2.092258e-014	0.053056
6456.54	2.167214e-012	1.682535e-014	0.050017
6606.93	2.117072e-012	1.327531e-014	0.047057
6760.83	2.306026e-012	1.103353e-014	0.044409
6918.31	2.446826e-012	8.948006e-015	0.041848
7079.46	2.667982e-012	6.917993e-015	0.039215
7244.36	3.141480e-012	5.618503e-015	0.036640
7413.10	4.115796e-012	5.560736e-015	0.034032
7585.78	5.613317e-012	7.975681e-015	0.031858
7762.47	6.710652e-012	1.068445e-014	0.030255
7943.28	7.918555e-012	1.393937e-014	0.028531
8128.31	9.381498e-012	1.939701e-014	0.026957
8317.64	9.919779e-012	2.440429e-014	0.026297
8511.38	9.538314e-012	2.752361e-014	0.026343
8709.64	8.145901e-012	2.731267e-014	0.027518
8912.51	6.333598e-012	2.266527e-014	0.028799
9120.11	5.416214e-012	1.756146e-014	0.027847
9332.54	6.044721e-012	1.649887e-014	0.025477
9549.93	6.072511e-012	2.011707e-014	0.025715
9772.37	4.114043e-012	1.844208e-014	0.028525
10000.00	2.883107e-012	1.414718e-014	0.027755
10232.93	2.323432e-012	1.087930e-014	0.025672
10471.29	2.154032e-012	8.655521e-015	0.023642
10715.19	2.392736e-012	6.949227e-015	0.021548
10964.78	3.204684e-012	6.986564e-015	0.020126
11220.18	3.193925e-012	8.527118e-015	0.020748
11481.54	2.029242e-012	7.649185e-015	0.021174
11748.98	1.431982e-012	6.167854e-015	0.019897
12022.64	1.204890e-012	5.103259e-015	0.018553
12302.69	1.092339e-012	4.274610e-015	0.017330
12589.25	1.049740e-012	3.637995e-015	0.016252
12882.50	1.047825e-012	3.145394e-015	0.015301
13182.57	1.059565e-012	2.745442e-015	0.014442
13489.63	1.077206e-012	2.419187e-015	0.013664
13803.84	1.096928e-012	2.140757e-015	0.012942
14125.38	1.101293e-012	1.886887e-015	0.012256
14454.40	1.123342e-012	1.649167e-015	0.011580
14791.08	1.175732e-012	1.430411e-015	0.010915
15135.61	1.293651e-012	1.232851e-015	0.010249
15488.17	1.502472e-012	1.080536e-015	0.009604
15848.93	1.862115e-012	1.006947e-015	0.008991
16218.10	2.288804e-012	1.066814e-015	0.008519
16595.87	2.714548e-012	1.197289e-015	0.008112
16982.44	2.982094e-012	1.483399e-015	0.007990
17378.01	2.570819e-012	1.612487e-015	0.008325
17782.79	1.907079e-012	1.502926e-015	0.008643
18197.01	1.383722e-012	1.275120e-015	0.008485
18620.87	1.115838e-012	1.068489e-015	0.008033
19054.61	9.981688e-013	9.072049e-016	0.007543
19498.45	9.463024e-013	7.843334e-016	0.007097
19952.62	9.197592e-013	6.861130e-016	0.006695
20417.38	9.340860e-013	6.060621e-016	0.006319
20892.96	1.009418e-012	5.417413e-016	0.005957
21379.62	1.102266e-012	5.126826e-016	0.005691
21877.62	1.117674e-012	5.015399e-016	0.005525
22387.21	1.097742e-012	4.848876e-016	0.005368
22908.68	1.001408e-012	4.588942e-016	0.005228
23442.29	8.802896e-013	4.267260e-016	0.005077
23988.33	7.489484e-013	3.861693e-016	0.004888
24547.09	6.347038e-013	3.486041e-016	0.004691
25118.86	7.533717e-013	2.817970e-016	0.004257
25703.96	7.440348e-013	2.512856e-016	0.004035
26302.68	7.320031e-013	2.256384e-016	0.003834
26915.35	7.220639e-013	2.015409e-016	0.003637
27542.29	7.150487e-013	1.785556e-016	0.003442
28183.83	7.100888e-013	1.574670e-016	0.003254
28840.32	7.526272e-013	1.420988e-016	0.003079
29512.09	7.853924e-013	1.288111e-016	0.002920
30199.52	8.198479e-013	1.165600e-016	0.002765
30902.95	8.541581e-013	1.059523e-016	0.002620
31622.78	9.311716e-013	9.707023e-017	0.002470
32359.37	9.831475e-013	9.036539e-017	0.002344
33113.11	1.047291e-012	8.422947e-017	0.002217
33884.42	1.152007e-012	8.102492e-017	0.002092
34673.69	1.229784e-012	8.305480e-017	0.002011
35481.34	1.235608e-012	8.013585e-017	0.001933
36307.81	1.241706e-012	7.717381e-017	0.001856
37153.52	1.253912e-012	7.674582e-017	0.001794
38018.94	1.212707e-012	7.400416e-017	0.001747
38904.51	1.171308e-012	6.992087e-017	0.001692
39810.72	1.119213e-012	6.577427e-017	0.001644
40738.03	1.081831e-012	6.185432e-017	0.001591
41686.94	9.843097e-013	5.694387e-017	0.001562
42657.95	9.126671e-013	5.072672e-017	0.001505
43651.58	9.061545e-013	4.630035e-017	0.001431
44668.36	8.870745e-013	4.265906e-017	0.001370
45708.82	8.671314e-013	3.928673e-017	0.001313
46773.51	8.489750e-013	3.600173e-017	0.001255
47863.01	8.489431e-013	3.368233e-017	0.001200
48977.88	8.326347e-013	3.141795e-017	0.001154
50118.72	8.216346e-013	2.901359e-017	0.001103
51286.14	8.029021e-013	2.645823e-017	0.001053
52480.75	7.845980e-013	2.412802e-017	0.001006
53703.18	7.667125e-013	2.200313e-017	0.000960
54954.09	7.492358e-013	2.006544e-017	0.000917
56234.13	7.321586e-013	1.829846e-017	0.000876
57543.99	7.154716e-013	1.668714e-017	0.000837
58884.37	6.991659e-013	1.521776e-017	0.000799
60255.96	6.832327e-013	1.387780e-017	0.000763
61659.50	6.676634e-013	1.265587e-017	0.000729
63095.73	6.524497e-013	1.154157e-017	0.000696
64565.42	6.375833e-013	1.052540e-017	0.000664
66069.34	6.230563e-013	9.598726e-018	0.000635
67608.30	6.088610e-013	8.753660e-018	0.000606
69183.10	5.949896e-013	7.983012e-018	0.000579
70794.58	5.814348e-013	7.280227e-018	0.000553
72443.60	5.681893e-013	6.639326e-018	0.000528
74131.02	5.552460e-013	6.054858e-018	0.000504
75857.76	5.425980e-013	5.521853e-018	0.000481
77624.71	5.302385e-013	5.035778e-018	0.000460
79432.82	5.181609e-013	4.592499e-018	0.000439
81283.05	5.063588e-013	4.188248e-018	0.000419
83176.38	4.948258e-013	3.819587e-018	0.000400
85113.80	4.835558e-013	3.483382e-018	0.000382
87096.36	4.725428e-013	3.176775e-018	0.000365
89125.09	4.617808e-013	2.897160e-018	0.000349
91201.08	4.512642e-013	2.642160e-018	0.000333
93325.43	4.409873e-013	2.409608e-018	0.000318
95499.26	4.309447e-013	2.197527e-018	0.000304
97723.72	4.211310e-013	2.004115e-018	0.000290
100000.00	4.115410e-013	1.827727e-018	0.000277