Std No.	Outgassing	ChemProd	ChemLoss	DryDepo		WetDepo		Escape		Condensation	Net Flux	Global Change
3	0.000000e+00	2.989153e+12	-2.989044e+12	-1.060782e+08	-1.595722e+00	-3.070674e+06	0.000000e+00	-3.105095e-03	-1.457202e-17
53	5.000000e+08	1.022695e+11	-1.027465e+11	-0.000000e+00	0.000000e+00	-2.293683e+07	0.000000e+00	-3.942735e-04	-2.043685e-23
1	0.000000e+00	1.353731e+14	-1.353731e+14	-3.179567e+06	-7.465609e-01	-0.000000e+00	0.000000e+00	1.324947e-01	1.602008e-19
56	0.000000e+00	1.128413e+14	-1.128413e+14	-0.000000e+00	-9.583704e-18	-0.000000e+00	0.000000e+00	8.281250e-01	3.679711e-09
54	0.000000e+00	1.350779e+14	-1.350779e+14	-0.000000e+00	0.000000e+00	-0.000000e+00	0.000000e+00	8.750000e-01	1.567481e-20
2	0.000000e+00	1.321582e+14	-1.321582e+14	-2.719509e+04	-8.129603e+01	-0.000000e+00	0.000000e+00	-8.196900e-01	-2.242984e-17
4	0.000000e+00	3.420953e+12	-3.420949e+12	-4.134745e+06	-9.595118e+03	-0.000000e+00	0.000000e+00	5.051713e-04	2.015168e-16
5	0.000000e+00	2.778989e+12	-2.778713e+12	-8.770227e+07	-1.884471e+08	-0.000000e+00	0.000000e+00	-1.613796e-03	-1.179821e-17
7	1.000000e-02	1.802019e+11	-1.897246e+11	-0.000000e+00	0.000000e+00	-0.000000e+00	-6.213678e+26	-6.213678e+26	-1.385049e+04
6	0.000000e+00	7.137127e+10	-6.576581e+10	-6.971187e+08	-4.908340e+09	-0.000000e+00	0.000000e+00	-5.245209e-05	-1.445927e-20
52	1.000000e-01	3.518501e+13	-3.518893e+13	-0.000000e+00	-8.701168e+12	-0.000000e+00	0.000000e+00	-8.705080e+12	-4.216847e-12
20	3.400000e+08	3.210707e+12	-3.211047e+12	-2.492987e+04	0.000000e+00	-0.000000e+00	0.000000e+00	-8.035077e-03	-6.994223e-23
22	0.000000e+00	2.264108e+10	-1.914715e+10	-1.339090e+08	-3.360015e+09	-0.000000e+00	0.000000e+00	1.668930e-05	6.479328e-20
61	0.000000e+00	1.779763e+11	-1.779739e+11	-2.452554e+06	-1.416759e-05	-0.000000e+00	0.000000e+00	-8.270175e-05	-1.872201e-17
19	0.000000e+00	4.181716e+08	-4.181716e+08	-0.000000e+00	-1.542539e-23	-0.000000e+00	0.000000e+00	-1.847744e-06	-3.153019e-20
58	0.000000e+00	4.095830e+03	-4.095830e+03	-0.000000e+00	-6.077680e-27	-0.000000e+00	0.000000e+00	-7.321432e-11	-3.088268e-13
59	0.000000e+00	2.073374e+05	-2.073374e+05	-0.000000e+00	-1.377430e-18	-0.000000e+00	0.000000e+00	1.164153e-10	1.406886e-12
80	0.000000e+00	4.456952e+05	-4.456952e+05	-0.000000e+00	-2.381884e-16	-0.000000e+00	0.000000e+00	-9.895305e-10	-1.410332e-16
60	0.000000e+00	9.461473e+08	-9.461473e+08	-0.000000e+00	-1.225542e-08	-0.000000e+00	0.000000e+00	2.261632e-07	5.117442e-17
21	3.000000e+07	6.647681e+08	-6.947681e+08	-0.000000e+00	0.000000e+00	-0.000000e+00	0.000000e+00	-1.227856e-05	-9.047550e-23
62	0.000000e+00	1.247738e+09	-1.247732e+09	-6.637014e+03	-3.834354e-08	-0.000000e+00	0.000000e+00	7.949492e-07	6.638054e-17
24	0.000000e+00	4.931721e+08	-4.234765e+08	-4.943576e+07	-2.025989e+07	-0.000000e+00	0.000000e+00	-4.097819e-08	-2.134874e-22
63	0.000000e+00	5.679297e+11	-5.672138e+11	-2.949030e+07	-6.864357e+08	-0.000000e+00	0.000000e+00	-5.185604e-05	-9.732159e-19
23	0.000000e+00	1.403197e+05	-7.544114e+04	-2.069105e+03	-6.280943e+04	-0.000000e+00	0.000000e+00	5.820766e-11	2.121093e-21
71	0.000000e+00	1.992391e+08	-1.992391e+08	-4.737578e-05	-1.309182e-03	-0.000000e+00	0.000000e+00	1.456145e-08	3.656840e-12
25	0.000000e+00	6.605757e+00	-6.581255e+00	-7.867817e-03	-1.663405e-02	-0.000000e+00	0.000000e+00	1.772887e-15	6.077264e-21
26	0.000000e+00	1.173310e-30	-1.173310e-30	-0.000000e+00	-3.228547e-49	-0.000000e+00	0.000000e+00	1.748395e-46	3.491638e-16
64	0.000000e+00	1.322387e+00	-1.322387e+00	-0.000000e+00	-1.135172e-21	-0.000000e+00	0.000000e+00	-4.440903e-16	-2.257866e-15
27	0.000000e+00	6.674671e+01	-6.674671e+01	-0.000000e+00	0.000000e+00	-0.000000e+00	0.000000e+00	-2.131628e-13	-3.308330e-20
28	0.000000e+00	2.026921e+02	-2.026921e+02	-0.000000e+00	-1.389060e-15	-0.000000e+00	0.000000e+00	-2.981077e-14	-5.039504e-18
29	0.000000e+00	2.442917e+06	-2.442917e+06	-0.000000e+00	0.000000e+00	-0.000000e+00	0.000000e+00	-4.656613e-10	-3.660716e-20
30	0.000000e+00	6.303194e+07	-6.303194e+07	-0.000000e+00	-7.323743e-09	-0.000000e+00	0.000000e+00	2.247858e-08	4.901791e-18
31	0.000000e+00	6.113372e+07	-6.113076e+07	-2.959177e+03	0.000000e+00	-0.000000e+00	0.000000e+00	1.124681e-08	5.134636e-23
32	0.000000e+00	2.588176e+00	-2.588176e+00	-1.351634e-08	-9.611103e-19	-0.000000e+00	0.000000e+00	-2.272777e-14	-1.037738e-20
33	0.000000e+00	2.934192e+04	-2.777482e+04	-4.646029e+01	-1.520644e+03	-0.000000e+00	0.000000e+00	-9.322321e-12	-2.618999e-21
34	0.000000e+00	1.322106e+07	-1.322105e+07	-1.590850e+00	-2.431871e-11	-0.000000e+00	0.000000e+00	-9.574059e-10	-1.711575e-18
35	0.000000e+00	1.978453e+07	-1.976288e+07	-2.019598e+04	-1.450733e+03	-0.000000e+00	0.000000e+00	-2.296883e-08	-6.479339e-20
36	0.000000e+00	8.718864e+06	-8.718815e+06	-4.910422e+01	-4.344571e-10	-0.000000e+00	0.000000e+00	9.332074e-09	7.955531e-18
40	0.000000e+00	4.489312e+07	-4.489312e+07	-0.000000e+00	-3.470987e-09	-0.000000e+00	0.000000e+00	2.633134e-08	2.418751e-17
41	0.000000e+00	3.382451e+03	-3.382451e+03	-0.000000e+00	-8.600157e-12	-0.000000e+00	0.000000e+00	9.495369e-13	3.539995e-19
76	0.000000e+00	4.637018e-01	-4.637018e-01	-0.000000e+00	-4.451288e-18	-0.000000e+00	0.000000e+00	-1.709847e-16	-1.232701e-16
77	0.000000e+00	9.008135e-03	-9.008135e-03	-0.000000e+00	-3.883432e-19	-0.000000e+00	0.000000e+00	-2.123067e-18	-1.754378e-17
42	0.000000e+00	5.991380e+08	-5.991380e+08	-0.000000e+00	-3.836724e-07	-0.000000e+00	0.000000e+00	-2.604452e-08	-9.842932e-20
43	3.000000e+08	1.704028e+10	-1.716184e+10	-1.509993e+08	-2.743417e+07	-0.000000e+00	0.000000e+00	-2.756715e-06	-5.658229e-20
74	0.000000e+00	1.629687e+10	-1.629687e+10	-0.000000e+00	-1.044778e-16	-0.000000e+00	0.000000e+00	3.814697e-06	4.752132e-08
75	0.000000e+00	1.511226e+09	-1.511226e+09	-0.000000e+00	-7.093332e-16	-0.000000e+00	0.000000e+00	7.152557e-07	1.315929e-09
44	0.000000e+00	1.514808e+08	-1.514808e+08	-2.281816e+00	-7.622247e+00	-0.000000e+00	0.000000e+00	-8.194898e-08	-2.152794e-16
45	3.000000e+07	3.397796e+07	-6.392604e+07	-5.188676e+04	-3.264061e+01	-0.000000e+00	0.000000e+00	1.286019e-08	1.896317e-20
46	0.000000e+00	1.025368e+08	-1.025368e+08	-0.000000e+00	-4.273173e-08	-0.000000e+00	0.000000e+00	3.177408e-08	2.373134e-18
47	0.000000e+00	6.192011e+07	-6.192011e+07	-0.000000e+00	-1.481428e-08	-0.000000e+00	0.000000e+00	6.714210e-08	1.391359e-17
48	0.000000e+00	3.666512e+08	-3.666512e+08	-0.000000e+00	-5.753277e-08	-0.000000e+00	0.000000e+00	-1.767421e-07	-9.640909e-18
68	0.000000e+00	1.460389e+08	-1.459395e+08	-3.659204e+04	-6.277135e+04	-0.000000e+00	0.000000e+00	5.606125e-08	8.482382e-19
73	0.000000e+00	1.514775e+08	-6.224079e+04	-3.960739e+07	-1.054077e+08	-0.000000e+00	-6.400141e+06	1.136214e-07	4.548788e-21
78	0.000000e+00	0.000000e+00	0.000000e+00	-6.400141e+06	-2.214923e-05	-0.000000e+00	6.400141e+06	-2.793968e-09	-2.502700e-23
79	0.000000e+00	1.836926e-17	0.000000e+00	-0.000000e+00	-1.836530e-17	-0.000000e+00	0.000000e+00	3.954556e-21	1.473564e-22
111	0.000000e+00	0.000000e+00	0.000000e+00	-0.000000e+00	0.000000e+00	-0.000000e+00	0.000000e+00	0.000000e+00	-nan
8	0.000000e+00	1.441700e+05	-1.441700e+05	-0.000000e+00	-6.179938e-10	-0.000000e+00	0.000000e+00	-4.433708e-10	-1.014768e-19
9	0.000000e+00	9.525646e-01	-8.531059e-01	-9.945869e-02	0.000000e+00	-0.000000e+00	0.000000e+00	-2.775558e-16	-4.638732e-21
10	0.000000e+00	1.934670e+02	-1.934668e+02	-0.000000e+00	-2.339900e-04	-0.000000e+00	0.000000e+00	-4.193401e-14	-2.001231e-17
57	0.000000e+00	1.356001e+02	-1.356001e+02	-0.000000e+00	-1.772213e-17	-0.000000e+00	0.000000e+00	8.524741e-14	3.051427e-16
11	0.000000e+00	2.299294e+07	-2.299174e+07	-0.000000e+00	-1.200616e+03	-0.000000e+00	0.000000e+00	5.607217e-08	1.134517e-22
12	3.000000e+08	3.231643e+11	-3.234556e+11	-8.638675e+06	-7.188282e+01	-0.000000e+00	0.000000e+00	7.679014e-05	2.537929e-19
13	0.000000e+00	3.142122e+11	-3.142118e+11	-3.856927e+05	-4.149684e+01	-0.000000e+00	0.000000e+00	9.754340e-05	1.726994e-18
14	0.000000e+00	1.375768e+10	-1.375765e+10	-2.578343e+03	-2.601077e+04	-0.000000e+00	0.000000e+00	8.776817e-06	6.061773e-17
15	0.000000e+00	7.360094e+06	-7.359452e+06	-8.701217e-01	-6.413050e+02	-0.000000e+00	0.000000e+00	-4.072263e-10	-1.362452e-20
16	0.000000e+00	2.982014e+10	-2.981906e+10	-0.000000e+00	-1.079068e+06	-0.000000e+00	0.000000e+00	1.654727e-06	6.544821e-20
17	0.000000e+00	4.218005e+09	-4.188653e+09	-1.698590e+07	-1.236686e+07	-0.000000e+00	0.000000e+00	6.966293e-07	7.345157e-20
18	0.000000e+00	9.141773e+08	-6.590647e+08	-1.350157e+08	-1.200968e+08	-0.000000e+00	0.000000e+00	8.940697e-08	1.219477e-21
70	0.000000e+00	1.248132e+10	-1.247612e+10	-1.941366e+05	-5.003544e+06	-0.000000e+00	0.000000e+00	-9.696931e-06	-2.749938e-19
37	0.000000e+00	1.059262e+01	-1.479644e-02	-8.391621e+00	-2.186203e+00	-0.000000e+00	0.000000e+00	-4.662937e-14	-5.980681e-23
38	0.000000e+00	6.356010e-03	-6.356010e-03	-1.118008e-12	-8.124042e-16	-0.000000e+00	0.000000e+00	-4.875263e-18	-9.884622e-16
39	0.000000e+00	1.144712e-02	-1.144712e-02	-0.000000e+00	-7.443021e-20	-0.000000e+00	0.000000e+00	-7.443021e-20	-1.413488e-19
72	0.000000e+00	3.216360e-01	-3.216360e-01	-0.000000e+00	-6.950584e-13	-0.000000e+00	0.000000e+00	4.408406e-16	2.126002e-23
65	0.000000e+00	1.610850e+08	-1.610646e+08	-1.408572e+04	-6.305844e+03	-0.000000e+00	0.000000e+00	-7.117160e-08	-2.756777e-19
66	0.000000e+00	4.401887e+06	-4.385777e+06	-1.563090e+04	-4.791645e+02	-0.000000e+00	0.000000e+00	2.235993e-09	7.017352e-21
109	0.000000e+00	1.900218e-02	-1.852755e-02	-0.000000e+00	-4.746336e-04	-0.000000e+00	0.000000e+00	-1.409463e-17	-1.447992e-21
67	0.000000e+00	1.729169e-09	-1.729169e-09	-0.000000e+00	-7.784140e-27	-0.000000e+00	0.000000e+00	4.058062e-25	3.553856e-18
110	0.000000e+00	9.333459e-09	-9.078132e-09	-0.000000e+00	-2.553265e-10	-0.000000e+00	0.000000e+00	1.706060e-24	1.765061e-22
106	0.000000e+00	2.774486e-22	-2.774486e-22	-0.000000e+00	-2.129627e-41	-0.000000e+00	0.000000e+00	-3.291597e-37	-8.617371e-20
107	0.000000e+00	9.633050e-10	-9.633050e-10	-0.000000e+00	-3.886312e-25	-0.000000e+00	0.000000e+00	2.092911e-24	6.261145e-22
108	0.000000e+00	9.633048e-10	-9.633048e-10	-0.000000e+00	-9.464191e-26	-0.000000e+00	0.000000e+00	-1.749003e-24	-1.382968e-19
49	0.000000e+00	2.047225e-05	-2.045898e-05	-1.326328e-08	-5.771182e-12	-0.000000e+00	0.000000e+00	-6.118178e-21	-1.667481e-21
50	0.000000e+00	1.139131e-19	-1.139131e-19	-5.444832e-28	-3.386771e-38	-0.000000e+00	0.000000e+00	2.269348e-32	2.853672e-14
51	0.000000e+00	0.000000e+00	0.000000e+00	-0.000000e+00	0.000000e+00	-0.000000e+00	0.000000e+00	0.000000e+00	-nan
69	0.000000e+00	0.000000e+00	0.000000e+00	-0.000000e+00	0.000000e+00	-0.000000e+00	0.000000e+00	0.000000e+00	-nan
